1.376000000000000000e+03;3.210000000000000000e+02
1.376000000000000000e+03;3.220000000000000000e+02
1.375000000000000000e+03;3.230000000000000000e+02
1.374000000000000000e+03;3.240000000000000000e+02
1.373000000000000000e+03;3.250000000000000000e+02
1.373000000000000000e+03;3.260000000000000000e+02
1.372000000000000000e+03;3.270000000000000000e+02
1.371000000000000000e+03;3.280000000000000000e+02
1.370000000000000000e+03;3.290000000000000000e+02
1.370000000000000000e+03;3.300000000000000000e+02
1.370000000000000000e+03;3.310000000000000000e+02
1.370000000000000000e+03;3.320000000000000000e+02
1.369000000000000000e+03;3.330000000000000000e+02
1.368000000000000000e+03;3.330000000000000000e+02
1.368000000000000000e+03;3.340000000000000000e+02
1.367000000000000000e+03;3.350000000000000000e+02
1.366000000000000000e+03;3.360000000000000000e+02
1.365000000000000000e+03;3.370000000000000000e+02
1.364000000000000000e+03;3.380000000000000000e+02
1.364000000000000000e+03;3.390000000000000000e+02
1.363000000000000000e+03;3.400000000000000000e+02
1.362000000000000000e+03;3.410000000000000000e+02
1.362000000000000000e+03;3.420000000000000000e+02
1.361000000000000000e+03;3.430000000000000000e+02
1.360000000000000000e+03;3.440000000000000000e+02
1.359000000000000000e+03;3.450000000000000000e+02
1.358000000000000000e+03;3.460000000000000000e+02
1.358000000000000000e+03;3.470000000000000000e+02
1.357000000000000000e+03;3.480000000000000000e+02
1.357000000000000000e+03;3.490000000000000000e+02
1.357000000000000000e+03;3.500000000000000000e+02
1.356000000000000000e+03;3.510000000000000000e+02
1.355000000000000000e+03;3.520000000000000000e+02
1.355000000000000000e+03;3.530000000000000000e+02
1.354000000000000000e+03;3.540000000000000000e+02
1.354000000000000000e+03;3.550000000000000000e+02
1.353000000000000000e+03;3.560000000000000000e+02
1.352000000000000000e+03;3.570000000000000000e+02
1.351000000000000000e+03;3.580000000000000000e+02
1.350000000000000000e+03;3.590000000000000000e+02
1.349000000000000000e+03;3.600000000000000000e+02
1.349000000000000000e+03;3.610000000000000000e+02
1.348000000000000000e+03;3.620000000000000000e+02
1.347000000000000000e+03;3.620000000000000000e+02
1.347000000000000000e+03;3.630000000000000000e+02
1.346000000000000000e+03;3.640000000000000000e+02
1.345000000000000000e+03;3.650000000000000000e+02
1.345000000000000000e+03;3.660000000000000000e+02
1.345000000000000000e+03;3.670000000000000000e+02
1.344000000000000000e+03;3.680000000000000000e+02
1.344000000000000000e+03;3.690000000000000000e+02
1.343000000000000000e+03;3.700000000000000000e+02
1.342000000000000000e+03;3.710000000000000000e+02
1.341000000000000000e+03;3.710000000000000000e+02
1.340000000000000000e+03;3.720000000000000000e+02
1.339000000000000000e+03;3.730000000000000000e+02
1.338000000000000000e+03;3.730000000000000000e+02
1.338000000000000000e+03;3.740000000000000000e+02
1.338000000000000000e+03;3.750000000000000000e+02
1.337000000000000000e+03;3.760000000000000000e+02
1.336000000000000000e+03;3.770000000000000000e+02
1.336000000000000000e+03;3.780000000000000000e+02
1.335000000000000000e+03;3.790000000000000000e+02
1.334000000000000000e+03;3.790000000000000000e+02
1.333000000000000000e+03;3.800000000000000000e+02
1.332000000000000000e+03;3.810000000000000000e+02
1.331000000000000000e+03;3.820000000000000000e+02
1.330000000000000000e+03;3.830000000000000000e+02
1.329000000000000000e+03;3.840000000000000000e+02
1.329000000000000000e+03;3.850000000000000000e+02
1.328000000000000000e+03;3.860000000000000000e+02
1.327000000000000000e+03;3.860000000000000000e+02
1.327000000000000000e+03;3.870000000000000000e+02
1.326000000000000000e+03;3.880000000000000000e+02
1.325000000000000000e+03;3.890000000000000000e+02
1.324000000000000000e+03;3.890000000000000000e+02
1.323000000000000000e+03;3.900000000000000000e+02
1.322000000000000000e+03;3.910000000000000000e+02
1.321000000000000000e+03;3.920000000000000000e+02
1.321000000000000000e+03;3.930000000000000000e+02
1.320000000000000000e+03;3.940000000000000000e+02
1.319000000000000000e+03;3.950000000000000000e+02
1.318000000000000000e+03;3.960000000000000000e+02
1.317000000000000000e+03;3.970000000000000000e+02
1.316000000000000000e+03;3.980000000000000000e+02
1.315000000000000000e+03;3.980000000000000000e+02
1.314000000000000000e+03;3.990000000000000000e+02
1.314000000000000000e+03;4.000000000000000000e+02
1.313000000000000000e+03;4.010000000000000000e+02
1.312000000000000000e+03;4.020000000000000000e+02
1.311000000000000000e+03;4.030000000000000000e+02
1.310000000000000000e+03;4.040000000000000000e+02
1.309000000000000000e+03;4.050000000000000000e+02
1.308000000000000000e+03;4.060000000000000000e+02
1.307000000000000000e+03;4.070000000000000000e+02
1.306000000000000000e+03;4.070000000000000000e+02
1.306000000000000000e+03;4.080000000000000000e+02
1.305000000000000000e+03;4.090000000000000000e+02
1.304000000000000000e+03;4.090000000000000000e+02
1.303000000000000000e+03;4.100000000000000000e+02
1.302000000000000000e+03;4.110000000000000000e+02
1.301000000000000000e+03;4.120000000000000000e+02
1.301000000000000000e+03;4.130000000000000000e+02
1.300000000000000000e+03;4.140000000000000000e+02
1.299000000000000000e+03;4.150000000000000000e+02
1.298000000000000000e+03;4.160000000000000000e+02
1.297000000000000000e+03;4.170000000000000000e+02
1.296000000000000000e+03;4.180000000000000000e+02
1.295000000000000000e+03;4.190000000000000000e+02
1.294000000000000000e+03;4.190000000000000000e+02
1.294000000000000000e+03;4.200000000000000000e+02
1.293000000000000000e+03;4.210000000000000000e+02
1.292000000000000000e+03;4.210000000000000000e+02
1.291000000000000000e+03;4.210000000000000000e+02
1.291000000000000000e+03;4.220000000000000000e+02
1.290000000000000000e+03;4.230000000000000000e+02
1.289000000000000000e+03;4.230000000000000000e+02
1.289000000000000000e+03;4.240000000000000000e+02
1.288000000000000000e+03;4.250000000000000000e+02
1.287000000000000000e+03;4.260000000000000000e+02
1.286000000000000000e+03;4.270000000000000000e+02
1.285000000000000000e+03;4.280000000000000000e+02
1.284000000000000000e+03;4.290000000000000000e+02
1.283000000000000000e+03;4.290000000000000000e+02
1.283000000000000000e+03;4.300000000000000000e+02
1.282000000000000000e+03;4.310000000000000000e+02
1.282000000000000000e+03;4.320000000000000000e+02
1.281000000000000000e+03;4.330000000000000000e+02
1.280000000000000000e+03;4.330000000000000000e+02
1.279000000000000000e+03;4.330000000000000000e+02
1.278000000000000000e+03;4.330000000000000000e+02
1.278000000000000000e+03;4.340000000000000000e+02
1.277000000000000000e+03;4.350000000000000000e+02
1.276000000000000000e+03;4.350000000000000000e+02
1.275000000000000000e+03;4.350000000000000000e+02
1.274000000000000000e+03;4.360000000000000000e+02
1.273000000000000000e+03;4.370000000000000000e+02
1.272000000000000000e+03;4.380000000000000000e+02
1.271000000000000000e+03;4.390000000000000000e+02
1.270000000000000000e+03;4.390000000000000000e+02
1.269000000000000000e+03;4.400000000000000000e+02
1.268000000000000000e+03;4.410000000000000000e+02
1.267000000000000000e+03;4.420000000000000000e+02
1.266000000000000000e+03;4.430000000000000000e+02
1.265000000000000000e+03;4.440000000000000000e+02
1.264000000000000000e+03;4.440000000000000000e+02
1.263000000000000000e+03;4.450000000000000000e+02
1.262000000000000000e+03;4.460000000000000000e+02
1.261000000000000000e+03;4.450000000000000000e+02
1.260000000000000000e+03;4.460000000000000000e+02
1.259000000000000000e+03;4.460000000000000000e+02
1.258000000000000000e+03;4.470000000000000000e+02
1.257000000000000000e+03;4.480000000000000000e+02
1.256000000000000000e+03;4.490000000000000000e+02
1.255000000000000000e+03;4.490000000000000000e+02
1.254000000000000000e+03;4.500000000000000000e+02
1.253000000000000000e+03;4.510000000000000000e+02
1.252000000000000000e+03;4.520000000000000000e+02
1.252000000000000000e+03;4.530000000000000000e+02
1.251000000000000000e+03;4.540000000000000000e+02
1.250000000000000000e+03;4.540000000000000000e+02
1.249000000000000000e+03;4.540000000000000000e+02
1.248000000000000000e+03;4.540000000000000000e+02
1.247000000000000000e+03;4.550000000000000000e+02
1.246000000000000000e+03;4.550000000000000000e+02
1.245000000000000000e+03;4.550000000000000000e+02
1.244000000000000000e+03;4.560000000000000000e+02
1.243000000000000000e+03;4.570000000000000000e+02
1.242000000000000000e+03;4.580000000000000000e+02
1.241000000000000000e+03;4.590000000000000000e+02
1.240000000000000000e+03;4.590000000000000000e+02
1.239000000000000000e+03;4.590000000000000000e+02
1.239000000000000000e+03;4.600000000000000000e+02
1.238000000000000000e+03;4.610000000000000000e+02
1.237000000000000000e+03;4.610000000000000000e+02
1.236000000000000000e+03;4.620000000000000000e+02
1.235000000000000000e+03;4.630000000000000000e+02
1.234000000000000000e+03;4.630000000000000000e+02
1.233000000000000000e+03;4.640000000000000000e+02
1.232000000000000000e+03;4.640000000000000000e+02
1.231000000000000000e+03;4.640000000000000000e+02
1.230000000000000000e+03;4.650000000000000000e+02
1.229000000000000000e+03;4.660000000000000000e+02
1.228000000000000000e+03;4.670000000000000000e+02
1.227000000000000000e+03;4.670000000000000000e+02
1.226000000000000000e+03;4.670000000000000000e+02
1.225000000000000000e+03;4.680000000000000000e+02
1.224000000000000000e+03;4.690000000000000000e+02
1.223000000000000000e+03;4.690000000000000000e+02
1.222000000000000000e+03;4.690000000000000000e+02
1.221000000000000000e+03;4.700000000000000000e+02
1.220000000000000000e+03;4.700000000000000000e+02
1.219000000000000000e+03;4.700000000000000000e+02
1.219000000000000000e+03;4.710000000000000000e+02
1.218000000000000000e+03;4.720000000000000000e+02
1.217000000000000000e+03;4.730000000000000000e+02
1.216000000000000000e+03;4.730000000000000000e+02
1.215000000000000000e+03;4.740000000000000000e+02
1.214000000000000000e+03;4.750000000000000000e+02
1.213000000000000000e+03;4.760000000000000000e+02
1.212000000000000000e+03;4.760000000000000000e+02
1.211000000000000000e+03;4.770000000000000000e+02
1.210000000000000000e+03;4.780000000000000000e+02
1.209000000000000000e+03;4.780000000000000000e+02
1.208000000000000000e+03;4.770000000000000000e+02
1.207000000000000000e+03;4.780000000000000000e+02
1.206000000000000000e+03;4.790000000000000000e+02
1.205000000000000000e+03;4.790000000000000000e+02
1.204000000000000000e+03;4.800000000000000000e+02
1.203000000000000000e+03;4.810000000000000000e+02
1.202000000000000000e+03;4.820000000000000000e+02
1.201000000000000000e+03;4.830000000000000000e+02
1.200000000000000000e+03;4.830000000000000000e+02
1.199000000000000000e+03;4.830000000000000000e+02
1.198000000000000000e+03;4.830000000000000000e+02
1.197000000000000000e+03;4.840000000000000000e+02
1.196000000000000000e+03;4.850000000000000000e+02
1.195000000000000000e+03;4.850000000000000000e+02
1.194000000000000000e+03;4.860000000000000000e+02
1.193000000000000000e+03;4.870000000000000000e+02
1.192000000000000000e+03;4.880000000000000000e+02
1.191000000000000000e+03;4.890000000000000000e+02
1.190000000000000000e+03;4.890000000000000000e+02
1.189000000000000000e+03;4.890000000000000000e+02
1.188000000000000000e+03;4.880000000000000000e+02
1.187000000000000000e+03;4.890000000000000000e+02
1.186000000000000000e+03;4.900000000000000000e+02
1.185000000000000000e+03;4.910000000000000000e+02
1.184000000000000000e+03;4.910000000000000000e+02
1.183000000000000000e+03;4.920000000000000000e+02
1.182000000000000000e+03;4.930000000000000000e+02
1.181000000000000000e+03;4.940000000000000000e+02
1.180000000000000000e+03;4.940000000000000000e+02
1.179000000000000000e+03;4.940000000000000000e+02
1.178000000000000000e+03;4.950000000000000000e+02
1.177000000000000000e+03;4.950000000000000000e+02
1.176000000000000000e+03;4.960000000000000000e+02
1.175000000000000000e+03;4.960000000000000000e+02
1.174000000000000000e+03;4.970000000000000000e+02
1.173000000000000000e+03;4.970000000000000000e+02
1.172000000000000000e+03;4.980000000000000000e+02
1.171000000000000000e+03;4.990000000000000000e+02
1.170000000000000000e+03;4.990000000000000000e+02
1.169000000000000000e+03;4.990000000000000000e+02
1.169000000000000000e+03;5.000000000000000000e+02
1.168000000000000000e+03;5.010000000000000000e+02
1.167000000000000000e+03;5.010000000000000000e+02
1.166000000000000000e+03;5.010000000000000000e+02
1.165000000000000000e+03;5.010000000000000000e+02
1.164000000000000000e+03;5.020000000000000000e+02
1.163000000000000000e+03;5.020000000000000000e+02
1.162000000000000000e+03;5.030000000000000000e+02
1.161000000000000000e+03;5.040000000000000000e+02
1.160000000000000000e+03;5.040000000000000000e+02
1.159000000000000000e+03;5.050000000000000000e+02
1.158000000000000000e+03;5.060000000000000000e+02
1.157000000000000000e+03;5.060000000000000000e+02
1.156000000000000000e+03;5.060000000000000000e+02
1.155000000000000000e+03;5.070000000000000000e+02
1.154000000000000000e+03;5.080000000000000000e+02
1.153000000000000000e+03;5.080000000000000000e+02
1.152000000000000000e+03;5.080000000000000000e+02
1.151000000000000000e+03;5.090000000000000000e+02
1.150000000000000000e+03;5.100000000000000000e+02
1.149000000000000000e+03;5.110000000000000000e+02
1.148000000000000000e+03;5.120000000000000000e+02
1.147000000000000000e+03;5.130000000000000000e+02
1.146000000000000000e+03;5.130000000000000000e+02
1.145000000000000000e+03;5.140000000000000000e+02
1.144000000000000000e+03;5.140000000000000000e+02
1.143000000000000000e+03;5.150000000000000000e+02
1.142000000000000000e+03;5.160000000000000000e+02
1.141000000000000000e+03;5.160000000000000000e+02
1.140000000000000000e+03;5.160000000000000000e+02
1.139000000000000000e+03;5.170000000000000000e+02
1.138000000000000000e+03;5.180000000000000000e+02
1.137000000000000000e+03;5.190000000000000000e+02
1.136000000000000000e+03;5.190000000000000000e+02
1.135000000000000000e+03;5.200000000000000000e+02
1.134000000000000000e+03;5.210000000000000000e+02
1.133000000000000000e+03;5.220000000000000000e+02
1.132000000000000000e+03;5.230000000000000000e+02
1.131000000000000000e+03;5.240000000000000000e+02
1.130000000000000000e+03;5.240000000000000000e+02
1.129000000000000000e+03;5.250000000000000000e+02
1.128000000000000000e+03;5.260000000000000000e+02
1.127000000000000000e+03;5.260000000000000000e+02
1.126000000000000000e+03;5.260000000000000000e+02
1.126000000000000000e+03;5.270000000000000000e+02
1.125000000000000000e+03;5.280000000000000000e+02
1.124000000000000000e+03;5.280000000000000000e+02
1.123000000000000000e+03;5.280000000000000000e+02
1.122000000000000000e+03;5.290000000000000000e+02
1.121000000000000000e+03;5.300000000000000000e+02
1.120000000000000000e+03;5.300000000000000000e+02
1.120000000000000000e+03;5.310000000000000000e+02
1.119000000000000000e+03;5.320000000000000000e+02
1.119000000000000000e+03;5.330000000000000000e+02
1.119000000000000000e+03;5.340000000000000000e+02
1.119000000000000000e+03;5.350000000000000000e+02
1.119000000000000000e+03;5.360000000000000000e+02
1.118000000000000000e+03;5.370000000000000000e+02
1.119000000000000000e+03;5.380000000000000000e+02
1.120000000000000000e+03;5.390000000000000000e+02
1.120000000000000000e+03;5.400000000000000000e+02
1.121000000000000000e+03;5.410000000000000000e+02
1.122000000000000000e+03;5.420000000000000000e+02
1.122000000000000000e+03;5.430000000000000000e+02
1.123000000000000000e+03;5.430000000000000000e+02
1.124000000000000000e+03;5.440000000000000000e+02
1.124000000000000000e+03;5.450000000000000000e+02
1.124000000000000000e+03;5.460000000000000000e+02
1.123000000000000000e+03;5.470000000000000000e+02
1.124000000000000000e+03;5.480000000000000000e+02
1.125000000000000000e+03;5.490000000000000000e+02
1.125000000000000000e+03;5.500000000000000000e+02
1.126000000000000000e+03;5.510000000000000000e+02
1.126000000000000000e+03;5.520000000000000000e+02
1.126000000000000000e+03;5.530000000000000000e+02
1.126000000000000000e+03;5.540000000000000000e+02
1.126000000000000000e+03;5.550000000000000000e+02
1.127000000000000000e+03;5.560000000000000000e+02
1.127000000000000000e+03;5.570000000000000000e+02
1.127000000000000000e+03;5.580000000000000000e+02
1.127000000000000000e+03;5.590000000000000000e+02
1.127000000000000000e+03;5.600000000000000000e+02
1.127000000000000000e+03;5.610000000000000000e+02
1.128000000000000000e+03;5.620000000000000000e+02
1.128000000000000000e+03;5.630000000000000000e+02
1.128000000000000000e+03;5.640000000000000000e+02
1.128000000000000000e+03;5.650000000000000000e+02
1.128000000000000000e+03;5.660000000000000000e+02
1.128000000000000000e+03;5.670000000000000000e+02
1.127000000000000000e+03;5.680000000000000000e+02
1.127000000000000000e+03;5.690000000000000000e+02
1.126000000000000000e+03;5.700000000000000000e+02
1.126000000000000000e+03;5.710000000000000000e+02
1.127000000000000000e+03;5.720000000000000000e+02
1.127000000000000000e+03;5.730000000000000000e+02
1.126000000000000000e+03;5.740000000000000000e+02
1.125000000000000000e+03;5.750000000000000000e+02
1.124000000000000000e+03;5.760000000000000000e+02
1.123000000000000000e+03;5.760000000000000000e+02
1.123000000000000000e+03;5.770000000000000000e+02
1.123000000000000000e+03;5.780000000000000000e+02
1.122000000000000000e+03;5.790000000000000000e+02
1.121000000000000000e+03;5.800000000000000000e+02
1.120000000000000000e+03;5.800000000000000000e+02
1.119000000000000000e+03;5.790000000000000000e+02
1.119000000000000000e+03;5.780000000000000000e+02
1.118000000000000000e+03;5.770000000000000000e+02
1.117000000000000000e+03;5.780000000000000000e+02
1.116000000000000000e+03;5.790000000000000000e+02
1.115000000000000000e+03;5.790000000000000000e+02
1.114000000000000000e+03;5.780000000000000000e+02
1.113000000000000000e+03;5.770000000000000000e+02
1.112000000000000000e+03;5.780000000000000000e+02
1.111000000000000000e+03;5.790000000000000000e+02
1.110000000000000000e+03;5.790000000000000000e+02
1.109000000000000000e+03;5.780000000000000000e+02
1.108000000000000000e+03;5.780000000000000000e+02
1.107000000000000000e+03;5.770000000000000000e+02
1.106000000000000000e+03;5.770000000000000000e+02
1.105000000000000000e+03;5.770000000000000000e+02
1.104000000000000000e+03;5.770000000000000000e+02
1.103000000000000000e+03;5.770000000000000000e+02
1.102000000000000000e+03;5.760000000000000000e+02
1.101000000000000000e+03;5.750000000000000000e+02
1.100000000000000000e+03;5.740000000000000000e+02
1.099000000000000000e+03;5.740000000000000000e+02
1.098000000000000000e+03;5.730000000000000000e+02
1.098000000000000000e+03;5.720000000000000000e+02
1.097000000000000000e+03;5.720000000000000000e+02
1.096000000000000000e+03;5.710000000000000000e+02
1.096000000000000000e+03;5.700000000000000000e+02
1.095000000000000000e+03;5.700000000000000000e+02
1.094000000000000000e+03;5.690000000000000000e+02
1.094000000000000000e+03;5.680000000000000000e+02
1.093000000000000000e+03;5.680000000000000000e+02
1.092000000000000000e+03;5.670000000000000000e+02
1.091000000000000000e+03;5.670000000000000000e+02
1.090000000000000000e+03;5.660000000000000000e+02
1.090000000000000000e+03;5.650000000000000000e+02
1.089000000000000000e+03;5.640000000000000000e+02
1.088000000000000000e+03;5.630000000000000000e+02
1.088000000000000000e+03;5.620000000000000000e+02
1.087000000000000000e+03;5.620000000000000000e+02
1.086000000000000000e+03;5.610000000000000000e+02
1.086000000000000000e+03;5.600000000000000000e+02
1.085000000000000000e+03;5.600000000000000000e+02
1.084000000000000000e+03;5.590000000000000000e+02
1.083000000000000000e+03;5.580000000000000000e+02
1.083000000000000000e+03;5.570000000000000000e+02
1.082000000000000000e+03;5.570000000000000000e+02
1.081000000000000000e+03;5.560000000000000000e+02
1.080000000000000000e+03;5.560000000000000000e+02
1.079000000000000000e+03;5.560000000000000000e+02
1.078000000000000000e+03;5.550000000000000000e+02
1.077000000000000000e+03;5.540000000000000000e+02
1.076000000000000000e+03;5.530000000000000000e+02
1.075000000000000000e+03;5.520000000000000000e+02
1.074000000000000000e+03;5.510000000000000000e+02
1.073000000000000000e+03;5.510000000000000000e+02
1.072000000000000000e+03;5.500000000000000000e+02
1.071000000000000000e+03;5.490000000000000000e+02
1.070000000000000000e+03;5.480000000000000000e+02
1.069000000000000000e+03;5.480000000000000000e+02
1.068000000000000000e+03;5.470000000000000000e+02
1.068000000000000000e+03;5.460000000000000000e+02
1.067000000000000000e+03;5.450000000000000000e+02
1.066000000000000000e+03;5.450000000000000000e+02
1.065000000000000000e+03;5.440000000000000000e+02
1.064000000000000000e+03;5.430000000000000000e+02
1.063000000000000000e+03;5.430000000000000000e+02
1.062000000000000000e+03;5.430000000000000000e+02
1.061000000000000000e+03;5.420000000000000000e+02
1.061000000000000000e+03;5.410000000000000000e+02
1.060000000000000000e+03;5.410000000000000000e+02
1.059000000000000000e+03;5.410000000000000000e+02
1.058000000000000000e+03;5.410000000000000000e+02
1.057000000000000000e+03;5.400000000000000000e+02
1.056000000000000000e+03;5.390000000000000000e+02
1.055000000000000000e+03;5.380000000000000000e+02
1.054000000000000000e+03;5.380000000000000000e+02
1.053000000000000000e+03;5.370000000000000000e+02
1.052000000000000000e+03;5.360000000000000000e+02
1.051000000000000000e+03;5.350000000000000000e+02
1.050000000000000000e+03;5.350000000000000000e+02
1.049000000000000000e+03;5.340000000000000000e+02
1.048000000000000000e+03;5.340000000000000000e+02
1.047000000000000000e+03;5.340000000000000000e+02
1.046000000000000000e+03;5.340000000000000000e+02
1.045000000000000000e+03;5.330000000000000000e+02
1.045000000000000000e+03;5.320000000000000000e+02
1.044000000000000000e+03;5.320000000000000000e+02
1.043000000000000000e+03;5.310000000000000000e+02
1.042000000000000000e+03;5.300000000000000000e+02
1.041000000000000000e+03;5.300000000000000000e+02
1.040000000000000000e+03;5.290000000000000000e+02
1.039000000000000000e+03;5.280000000000000000e+02
1.038000000000000000e+03;5.280000000000000000e+02
1.037000000000000000e+03;5.280000000000000000e+02
1.036000000000000000e+03;5.280000000000000000e+02
1.035000000000000000e+03;5.280000000000000000e+02
1.034000000000000000e+03;5.270000000000000000e+02
1.033000000000000000e+03;5.270000000000000000e+02
1.032000000000000000e+03;5.270000000000000000e+02
1.031000000000000000e+03;5.260000000000000000e+02
1.031000000000000000e+03;5.250000000000000000e+02
1.030000000000000000e+03;5.250000000000000000e+02
1.029000000000000000e+03;5.250000000000000000e+02
1.028000000000000000e+03;5.240000000000000000e+02
1.027000000000000000e+03;5.240000000000000000e+02
1.026000000000000000e+03;5.240000000000000000e+02
1.025000000000000000e+03;5.240000000000000000e+02
1.024000000000000000e+03;5.230000000000000000e+02
1.023000000000000000e+03;5.230000000000000000e+02
1.022000000000000000e+03;5.230000000000000000e+02
1.021000000000000000e+03;5.230000000000000000e+02
1.020000000000000000e+03;5.230000000000000000e+02
1.019000000000000000e+03;5.220000000000000000e+02
1.018000000000000000e+03;5.210000000000000000e+02
1.017000000000000000e+03;5.210000000000000000e+02
1.016000000000000000e+03;5.200000000000000000e+02
1.015000000000000000e+03;5.200000000000000000e+02
1.014000000000000000e+03;5.210000000000000000e+02
1.013000000000000000e+03;5.210000000000000000e+02
1.012000000000000000e+03;5.200000000000000000e+02
1.011000000000000000e+03;5.190000000000000000e+02
1.010000000000000000e+03;5.190000000000000000e+02
1.009000000000000000e+03;5.180000000000000000e+02
1.008000000000000000e+03;5.180000000000000000e+02
1.007000000000000000e+03;5.190000000000000000e+02
1.006000000000000000e+03;5.190000000000000000e+02
1.005000000000000000e+03;5.190000000000000000e+02
1.004000000000000000e+03;5.190000000000000000e+02
1.003000000000000000e+03;5.180000000000000000e+02
1.003000000000000000e+03;5.170000000000000000e+02
1.003000000000000000e+03;5.180000000000000000e+02
1.002000000000000000e+03;5.190000000000000000e+02
1.001000000000000000e+03;5.190000000000000000e+02
1.000000000000000000e+03;5.190000000000000000e+02
9.990000000000000000e+02;5.180000000000000000e+02
9.980000000000000000e+02;5.170000000000000000e+02
9.970000000000000000e+02;5.180000000000000000e+02
9.960000000000000000e+02;5.190000000000000000e+02
9.950000000000000000e+02;5.180000000000000000e+02
9.940000000000000000e+02;5.170000000000000000e+02
9.930000000000000000e+02;5.170000000000000000e+02
9.920000000000000000e+02;5.180000000000000000e+02
9.910000000000000000e+02;5.190000000000000000e+02
9.900000000000000000e+02;5.190000000000000000e+02
9.890000000000000000e+02;5.180000000000000000e+02
9.890000000000000000e+02;5.170000000000000000e+02
9.880000000000000000e+02;5.170000000000000000e+02
9.880000000000000000e+02;5.180000000000000000e+02
9.870000000000000000e+02;5.190000000000000000e+02
9.860000000000000000e+02;5.200000000000000000e+02
9.850000000000000000e+02;5.190000000000000000e+02
9.840000000000000000e+02;5.180000000000000000e+02
9.830000000000000000e+02;5.170000000000000000e+02
9.820000000000000000e+02;5.170000000000000000e+02
9.810000000000000000e+02;5.160000000000000000e+02
9.800000000000000000e+02;5.160000000000000000e+02
9.790000000000000000e+02;5.150000000000000000e+02
9.780000000000000000e+02;5.150000000000000000e+02
9.770000000000000000e+02;5.140000000000000000e+02
9.770000000000000000e+02;5.130000000000000000e+02
9.760000000000000000e+02;5.120000000000000000e+02
9.750000000000000000e+02;5.110000000000000000e+02
9.740000000000000000e+02;5.110000000000000000e+02
9.730000000000000000e+02;5.110000000000000000e+02
9.720000000000000000e+02;5.100000000000000000e+02
9.720000000000000000e+02;5.090000000000000000e+02
9.710000000000000000e+02;5.090000000000000000e+02
9.700000000000000000e+02;5.090000000000000000e+02
9.690000000000000000e+02;5.080000000000000000e+02
9.680000000000000000e+02;5.070000000000000000e+02
9.670000000000000000e+02;5.070000000000000000e+02
9.660000000000000000e+02;5.060000000000000000e+02
9.650000000000000000e+02;5.070000000000000000e+02
9.640000000000000000e+02;5.070000000000000000e+02
9.630000000000000000e+02;5.070000000000000000e+02
9.620000000000000000e+02;5.060000000000000000e+02
9.610000000000000000e+02;5.050000000000000000e+02
9.600000000000000000e+02;5.050000000000000000e+02
9.590000000000000000e+02;5.060000000000000000e+02
9.580000000000000000e+02;5.060000000000000000e+02
9.570000000000000000e+02;5.050000000000000000e+02
9.560000000000000000e+02;5.050000000000000000e+02
9.550000000000000000e+02;5.060000000000000000e+02
9.540000000000000000e+02;5.060000000000000000e+02
9.530000000000000000e+02;5.060000000000000000e+02
9.520000000000000000e+02;5.050000000000000000e+02
9.510000000000000000e+02;5.050000000000000000e+02
9.500000000000000000e+02;5.060000000000000000e+02
9.490000000000000000e+02;5.060000000000000000e+02
9.480000000000000000e+02;5.060000000000000000e+02
9.470000000000000000e+02;5.060000000000000000e+02
9.460000000000000000e+02;5.060000000000000000e+02
9.450000000000000000e+02;5.060000000000000000e+02
9.440000000000000000e+02;5.060000000000000000e+02
9.430000000000000000e+02;5.060000000000000000e+02
9.420000000000000000e+02;5.060000000000000000e+02
9.410000000000000000e+02;5.060000000000000000e+02
9.400000000000000000e+02;5.060000000000000000e+02
9.390000000000000000e+02;5.060000000000000000e+02
9.380000000000000000e+02;5.060000000000000000e+02
9.370000000000000000e+02;5.060000000000000000e+02
9.360000000000000000e+02;5.060000000000000000e+02
9.350000000000000000e+02;5.060000000000000000e+02
9.340000000000000000e+02;5.070000000000000000e+02
9.330000000000000000e+02;5.070000000000000000e+02
9.320000000000000000e+02;5.060000000000000000e+02
9.310000000000000000e+02;5.060000000000000000e+02
9.300000000000000000e+02;5.070000000000000000e+02
9.290000000000000000e+02;5.070000000000000000e+02
9.280000000000000000e+02;5.070000000000000000e+02
9.270000000000000000e+02;5.060000000000000000e+02
9.260000000000000000e+02;5.060000000000000000e+02
9.250000000000000000e+02;5.070000000000000000e+02
9.240000000000000000e+02;5.070000000000000000e+02
9.230000000000000000e+02;5.070000000000000000e+02
9.220000000000000000e+02;5.070000000000000000e+02
9.210000000000000000e+02;5.070000000000000000e+02
9.200000000000000000e+02;5.080000000000000000e+02
9.190000000000000000e+02;5.080000000000000000e+02
9.180000000000000000e+02;5.080000000000000000e+02
9.170000000000000000e+02;5.080000000000000000e+02
9.160000000000000000e+02;5.070000000000000000e+02
9.150000000000000000e+02;5.080000000000000000e+02
9.140000000000000000e+02;5.080000000000000000e+02
9.130000000000000000e+02;5.080000000000000000e+02
9.120000000000000000e+02;5.080000000000000000e+02
9.110000000000000000e+02;5.090000000000000000e+02
9.100000000000000000e+02;5.080000000000000000e+02
9.090000000000000000e+02;5.080000000000000000e+02
9.080000000000000000e+02;5.080000000000000000e+02
9.070000000000000000e+02;5.090000000000000000e+02
9.060000000000000000e+02;5.090000000000000000e+02
9.050000000000000000e+02;5.090000000000000000e+02
9.040000000000000000e+02;5.080000000000000000e+02
9.030000000000000000e+02;5.080000000000000000e+02
9.020000000000000000e+02;5.090000000000000000e+02
9.010000000000000000e+02;5.090000000000000000e+02
9.000000000000000000e+02;5.090000000000000000e+02
8.990000000000000000e+02;5.080000000000000000e+02
8.980000000000000000e+02;5.080000000000000000e+02
8.970000000000000000e+02;5.090000000000000000e+02
8.960000000000000000e+02;5.100000000000000000e+02
8.950000000000000000e+02;5.090000000000000000e+02
8.940000000000000000e+02;5.080000000000000000e+02
8.930000000000000000e+02;5.090000000000000000e+02
8.920000000000000000e+02;5.090000000000000000e+02
8.910000000000000000e+02;5.090000000000000000e+02
8.900000000000000000e+02;5.090000000000000000e+02
8.890000000000000000e+02;5.090000000000000000e+02
8.880000000000000000e+02;5.090000000000000000e+02
8.870000000000000000e+02;5.090000000000000000e+02
8.860000000000000000e+02;5.090000000000000000e+02
8.850000000000000000e+02;5.100000000000000000e+02
8.840000000000000000e+02;5.110000000000000000e+02
8.830000000000000000e+02;5.110000000000000000e+02
8.820000000000000000e+02;5.100000000000000000e+02
8.810000000000000000e+02;5.090000000000000000e+02
8.800000000000000000e+02;5.100000000000000000e+02
8.790000000000000000e+02;5.110000000000000000e+02
8.780000000000000000e+02;5.120000000000000000e+02
8.770000000000000000e+02;5.110000000000000000e+02
8.760000000000000000e+02;5.100000000000000000e+02
8.750000000000000000e+02;5.110000000000000000e+02
8.740000000000000000e+02;5.120000000000000000e+02
8.730000000000000000e+02;5.120000000000000000e+02
8.720000000000000000e+02;5.110000000000000000e+02
8.710000000000000000e+02;5.110000000000000000e+02
8.700000000000000000e+02;5.110000000000000000e+02
8.690000000000000000e+02;5.120000000000000000e+02
8.680000000000000000e+02;5.120000000000000000e+02
8.670000000000000000e+02;5.120000000000000000e+02
8.660000000000000000e+02;5.130000000000000000e+02
8.650000000000000000e+02;5.120000000000000000e+02
8.640000000000000000e+02;5.120000000000000000e+02
8.630000000000000000e+02;5.120000000000000000e+02
8.620000000000000000e+02;5.130000000000000000e+02
8.610000000000000000e+02;5.130000000000000000e+02
8.600000000000000000e+02;5.130000000000000000e+02
8.590000000000000000e+02;5.120000000000000000e+02
8.580000000000000000e+02;5.130000000000000000e+02
8.570000000000000000e+02;5.130000000000000000e+02
8.560000000000000000e+02;5.130000000000000000e+02
8.550000000000000000e+02;5.130000000000000000e+02
8.540000000000000000e+02;5.130000000000000000e+02
8.530000000000000000e+02;5.130000000000000000e+02
8.520000000000000000e+02;5.130000000000000000e+02
8.510000000000000000e+02;5.140000000000000000e+02
8.500000000000000000e+02;5.130000000000000000e+02
8.490000000000000000e+02;5.130000000000000000e+02
8.480000000000000000e+02;5.130000000000000000e+02
8.470000000000000000e+02;5.140000000000000000e+02
8.460000000000000000e+02;5.140000000000000000e+02
8.450000000000000000e+02;5.140000000000000000e+02
8.440000000000000000e+02;5.130000000000000000e+02
8.430000000000000000e+02;5.130000000000000000e+02
8.420000000000000000e+02;5.130000000000000000e+02
8.410000000000000000e+02;5.130000000000000000e+02
8.400000000000000000e+02;5.130000000000000000e+02
8.390000000000000000e+02;5.130000000000000000e+02
8.380000000000000000e+02;5.140000000000000000e+02
8.370000000000000000e+02;5.140000000000000000e+02
8.360000000000000000e+02;5.140000000000000000e+02
8.350000000000000000e+02;5.140000000000000000e+02
8.350000000000000000e+02;5.130000000000000000e+02
8.350000000000000000e+02;5.120000000000000000e+02
8.350000000000000000e+02;5.110000000000000000e+02
8.350000000000000000e+02;5.100000000000000000e+02
8.350000000000000000e+02;5.090000000000000000e+02
8.350000000000000000e+02;5.080000000000000000e+02
8.350000000000000000e+02;5.070000000000000000e+02
8.350000000000000000e+02;5.060000000000000000e+02
8.350000000000000000e+02;5.050000000000000000e+02
8.350000000000000000e+02;5.040000000000000000e+02
8.350000000000000000e+02;5.030000000000000000e+02
8.350000000000000000e+02;5.020000000000000000e+02
8.350000000000000000e+02;5.010000000000000000e+02
8.350000000000000000e+02;5.000000000000000000e+02
8.350000000000000000e+02;4.990000000000000000e+02
8.350000000000000000e+02;4.980000000000000000e+02
8.350000000000000000e+02;4.970000000000000000e+02
8.350000000000000000e+02;4.960000000000000000e+02
8.350000000000000000e+02;4.950000000000000000e+02
8.350000000000000000e+02;4.940000000000000000e+02
8.350000000000000000e+02;4.930000000000000000e+02
8.350000000000000000e+02;4.920000000000000000e+02
8.350000000000000000e+02;4.910000000000000000e+02
8.350000000000000000e+02;4.900000000000000000e+02
8.350000000000000000e+02;4.890000000000000000e+02
8.350000000000000000e+02;4.880000000000000000e+02
8.350000000000000000e+02;4.870000000000000000e+02
8.350000000000000000e+02;4.860000000000000000e+02
8.350000000000000000e+02;4.850000000000000000e+02
8.350000000000000000e+02;4.840000000000000000e+02
8.350000000000000000e+02;4.830000000000000000e+02
8.350000000000000000e+02;4.820000000000000000e+02
8.350000000000000000e+02;4.810000000000000000e+02
8.350000000000000000e+02;4.800000000000000000e+02
8.350000000000000000e+02;4.790000000000000000e+02
8.350000000000000000e+02;4.780000000000000000e+02
8.350000000000000000e+02;4.770000000000000000e+02
8.350000000000000000e+02;4.760000000000000000e+02
8.350000000000000000e+02;4.750000000000000000e+02
8.350000000000000000e+02;4.740000000000000000e+02
8.350000000000000000e+02;4.730000000000000000e+02
8.350000000000000000e+02;4.720000000000000000e+02
8.350000000000000000e+02;4.710000000000000000e+02
8.350000000000000000e+02;4.700000000000000000e+02
8.350000000000000000e+02;4.690000000000000000e+02
8.350000000000000000e+02;4.680000000000000000e+02
8.350000000000000000e+02;4.670000000000000000e+02
8.350000000000000000e+02;4.660000000000000000e+02
8.350000000000000000e+02;4.650000000000000000e+02
8.350000000000000000e+02;4.640000000000000000e+02
8.350000000000000000e+02;4.630000000000000000e+02
8.350000000000000000e+02;4.620000000000000000e+02
8.350000000000000000e+02;4.610000000000000000e+02
8.350000000000000000e+02;4.600000000000000000e+02
8.350000000000000000e+02;4.590000000000000000e+02
8.350000000000000000e+02;4.580000000000000000e+02
8.350000000000000000e+02;4.570000000000000000e+02
8.350000000000000000e+02;4.560000000000000000e+02
8.350000000000000000e+02;4.550000000000000000e+02
8.350000000000000000e+02;4.540000000000000000e+02
8.350000000000000000e+02;4.530000000000000000e+02
8.350000000000000000e+02;4.520000000000000000e+02
8.350000000000000000e+02;4.510000000000000000e+02
8.350000000000000000e+02;4.500000000000000000e+02
8.350000000000000000e+02;4.490000000000000000e+02
8.350000000000000000e+02;4.480000000000000000e+02
8.350000000000000000e+02;4.470000000000000000e+02
8.350000000000000000e+02;4.460000000000000000e+02
8.350000000000000000e+02;4.450000000000000000e+02
8.350000000000000000e+02;4.440000000000000000e+02
8.350000000000000000e+02;4.430000000000000000e+02
8.350000000000000000e+02;4.420000000000000000e+02
8.350000000000000000e+02;4.410000000000000000e+02
8.350000000000000000e+02;4.400000000000000000e+02
8.350000000000000000e+02;4.390000000000000000e+02
8.350000000000000000e+02;4.380000000000000000e+02
8.350000000000000000e+02;4.370000000000000000e+02
8.350000000000000000e+02;4.360000000000000000e+02
8.360000000000000000e+02;4.360000000000000000e+02
8.370000000000000000e+02;4.360000000000000000e+02
8.380000000000000000e+02;4.360000000000000000e+02
8.390000000000000000e+02;4.360000000000000000e+02
8.400000000000000000e+02;4.360000000000000000e+02
8.410000000000000000e+02;4.350000000000000000e+02
8.420000000000000000e+02;4.360000000000000000e+02
8.430000000000000000e+02;4.360000000000000000e+02
8.440000000000000000e+02;4.360000000000000000e+02
8.450000000000000000e+02;4.360000000000000000e+02
8.460000000000000000e+02;4.360000000000000000e+02
8.470000000000000000e+02;4.360000000000000000e+02
8.480000000000000000e+02;4.360000000000000000e+02
8.490000000000000000e+02;4.360000000000000000e+02
8.500000000000000000e+02;4.360000000000000000e+02
8.510000000000000000e+02;4.360000000000000000e+02
8.520000000000000000e+02;4.360000000000000000e+02
8.530000000000000000e+02;4.370000000000000000e+02
8.540000000000000000e+02;4.370000000000000000e+02
8.550000000000000000e+02;4.370000000000000000e+02
8.560000000000000000e+02;4.360000000000000000e+02
8.570000000000000000e+02;4.370000000000000000e+02
8.580000000000000000e+02;4.370000000000000000e+02
8.590000000000000000e+02;4.370000000000000000e+02
8.600000000000000000e+02;4.380000000000000000e+02
8.610000000000000000e+02;4.390000000000000000e+02
8.620000000000000000e+02;4.390000000000000000e+02
8.630000000000000000e+02;4.380000000000000000e+02
8.640000000000000000e+02;4.380000000000000000e+02
8.650000000000000000e+02;4.390000000000000000e+02
8.660000000000000000e+02;4.390000000000000000e+02
8.670000000000000000e+02;4.390000000000000000e+02
8.680000000000000000e+02;4.390000000000000000e+02
8.690000000000000000e+02;4.390000000000000000e+02
8.700000000000000000e+02;4.400000000000000000e+02
8.710000000000000000e+02;4.400000000000000000e+02
8.720000000000000000e+02;4.410000000000000000e+02
8.730000000000000000e+02;4.420000000000000000e+02
8.740000000000000000e+02;4.410000000000000000e+02
8.750000000000000000e+02;4.410000000000000000e+02
8.760000000000000000e+02;4.410000000000000000e+02
8.770000000000000000e+02;4.410000000000000000e+02
8.780000000000000000e+02;4.420000000000000000e+02
8.790000000000000000e+02;4.420000000000000000e+02
8.800000000000000000e+02;4.410000000000000000e+02
8.810000000000000000e+02;4.410000000000000000e+02
8.820000000000000000e+02;4.420000000000000000e+02
8.830000000000000000e+02;4.430000000000000000e+02
8.840000000000000000e+02;4.430000000000000000e+02
8.850000000000000000e+02;4.440000000000000000e+02
8.860000000000000000e+02;4.440000000000000000e+02
8.870000000000000000e+02;4.430000000000000000e+02
8.880000000000000000e+02;4.430000000000000000e+02
8.890000000000000000e+02;4.430000000000000000e+02
8.900000000000000000e+02;4.440000000000000000e+02
8.910000000000000000e+02;4.450000000000000000e+02
8.920000000000000000e+02;4.450000000000000000e+02
8.930000000000000000e+02;4.460000000000000000e+02
8.940000000000000000e+02;4.460000000000000000e+02
8.950000000000000000e+02;4.450000000000000000e+02
8.960000000000000000e+02;4.450000000000000000e+02
8.970000000000000000e+02;4.460000000000000000e+02
8.980000000000000000e+02;4.460000000000000000e+02
8.990000000000000000e+02;4.470000000000000000e+02
9.000000000000000000e+02;4.460000000000000000e+02
9.010000000000000000e+02;4.460000000000000000e+02
9.020000000000000000e+02;4.470000000000000000e+02
9.030000000000000000e+02;4.470000000000000000e+02
9.040000000000000000e+02;4.470000000000000000e+02
9.050000000000000000e+02;4.480000000000000000e+02
9.060000000000000000e+02;4.490000000000000000e+02
9.070000000000000000e+02;4.490000000000000000e+02
9.080000000000000000e+02;4.490000000000000000e+02
9.090000000000000000e+02;4.490000000000000000e+02
9.100000000000000000e+02;4.500000000000000000e+02
9.110000000000000000e+02;4.500000000000000000e+02
9.120000000000000000e+02;4.500000000000000000e+02
9.130000000000000000e+02;4.510000000000000000e+02
9.140000000000000000e+02;4.510000000000000000e+02
9.150000000000000000e+02;4.510000000000000000e+02
9.160000000000000000e+02;4.500000000000000000e+02
9.170000000000000000e+02;4.510000000000000000e+02
9.180000000000000000e+02;4.520000000000000000e+02
9.190000000000000000e+02;4.520000000000000000e+02
9.200000000000000000e+02;4.530000000000000000e+02
9.200000000000000000e+02;4.520000000000000000e+02
9.210000000000000000e+02;4.510000000000000000e+02
9.220000000000000000e+02;4.510000000000000000e+02
9.230000000000000000e+02;4.520000000000000000e+02
9.240000000000000000e+02;4.530000000000000000e+02
9.250000000000000000e+02;4.530000000000000000e+02
9.260000000000000000e+02;4.540000000000000000e+02
9.270000000000000000e+02;4.530000000000000000e+02
9.280000000000000000e+02;4.530000000000000000e+02
9.290000000000000000e+02;4.530000000000000000e+02
9.300000000000000000e+02;4.530000000000000000e+02
9.310000000000000000e+02;4.540000000000000000e+02
9.320000000000000000e+02;4.540000000000000000e+02
9.330000000000000000e+02;4.540000000000000000e+02
9.340000000000000000e+02;4.530000000000000000e+02
9.350000000000000000e+02;4.540000000000000000e+02
9.350000000000000000e+02;4.550000000000000000e+02
9.360000000000000000e+02;4.550000000000000000e+02
9.370000000000000000e+02;4.550000000000000000e+02
9.380000000000000000e+02;4.560000000000000000e+02
9.390000000000000000e+02;4.560000000000000000e+02
9.400000000000000000e+02;4.560000000000000000e+02
9.410000000000000000e+02;4.550000000000000000e+02
9.420000000000000000e+02;4.560000000000000000e+02
9.430000000000000000e+02;4.560000000000000000e+02
9.440000000000000000e+02;4.570000000000000000e+02
9.450000000000000000e+02;4.560000000000000000e+02
9.460000000000000000e+02;4.560000000000000000e+02
9.470000000000000000e+02;4.570000000000000000e+02
9.480000000000000000e+02;4.570000000000000000e+02
9.490000000000000000e+02;4.570000000000000000e+02
9.500000000000000000e+02;4.580000000000000000e+02
9.510000000000000000e+02;4.590000000000000000e+02
9.520000000000000000e+02;4.590000000000000000e+02
9.530000000000000000e+02;4.580000000000000000e+02
9.540000000000000000e+02;4.580000000000000000e+02
9.550000000000000000e+02;4.590000000000000000e+02
9.560000000000000000e+02;4.590000000000000000e+02
9.570000000000000000e+02;4.590000000000000000e+02
9.580000000000000000e+02;4.580000000000000000e+02
9.590000000000000000e+02;4.580000000000000000e+02
9.600000000000000000e+02;4.590000000000000000e+02
9.610000000000000000e+02;4.600000000000000000e+02
9.620000000000000000e+02;4.600000000000000000e+02
9.630000000000000000e+02;4.610000000000000000e+02
9.640000000000000000e+02;4.610000000000000000e+02
9.650000000000000000e+02;4.600000000000000000e+02
9.660000000000000000e+02;4.600000000000000000e+02
9.670000000000000000e+02;4.610000000000000000e+02
9.680000000000000000e+02;4.610000000000000000e+02
9.690000000000000000e+02;4.610000000000000000e+02
9.700000000000000000e+02;4.610000000000000000e+02
9.710000000000000000e+02;4.610000000000000000e+02
9.720000000000000000e+02;4.610000000000000000e+02
9.730000000000000000e+02;4.620000000000000000e+02
9.740000000000000000e+02;4.620000000000000000e+02
9.750000000000000000e+02;4.610000000000000000e+02
9.760000000000000000e+02;4.610000000000000000e+02
9.770000000000000000e+02;4.610000000000000000e+02
9.780000000000000000e+02;4.620000000000000000e+02
9.790000000000000000e+02;4.620000000000000000e+02
9.800000000000000000e+02;4.620000000000000000e+02
9.810000000000000000e+02;4.610000000000000000e+02
9.820000000000000000e+02;4.620000000000000000e+02
9.830000000000000000e+02;4.620000000000000000e+02
9.840000000000000000e+02;4.620000000000000000e+02
9.850000000000000000e+02;4.610000000000000000e+02
9.860000000000000000e+02;4.610000000000000000e+02
9.870000000000000000e+02;4.610000000000000000e+02
9.880000000000000000e+02;4.620000000000000000e+02
9.880000000000000000e+02;4.630000000000000000e+02
9.890000000000000000e+02;4.630000000000000000e+02
9.900000000000000000e+02;4.620000000000000000e+02
9.910000000000000000e+02;4.620000000000000000e+02
9.920000000000000000e+02;4.620000000000000000e+02
9.930000000000000000e+02;4.630000000000000000e+02
9.940000000000000000e+02;4.620000000000000000e+02
9.950000000000000000e+02;4.610000000000000000e+02
9.960000000000000000e+02;4.610000000000000000e+02
9.970000000000000000e+02;4.620000000000000000e+02
9.980000000000000000e+02;4.630000000000000000e+02
9.990000000000000000e+02;4.630000000000000000e+02
9.990000000000000000e+02;4.620000000000000000e+02
1.000000000000000000e+03;4.610000000000000000e+02
1.001000000000000000e+03;4.610000000000000000e+02
1.002000000000000000e+03;4.620000000000000000e+02
1.003000000000000000e+03;4.630000000000000000e+02
1.004000000000000000e+03;4.630000000000000000e+02
1.005000000000000000e+03;4.620000000000000000e+02
1.006000000000000000e+03;4.610000000000000000e+02
1.007000000000000000e+03;4.620000000000000000e+02
1.008000000000000000e+03;4.620000000000000000e+02
1.009000000000000000e+03;4.620000000000000000e+02
1.010000000000000000e+03;4.610000000000000000e+02
1.011000000000000000e+03;4.610000000000000000e+02
1.012000000000000000e+03;4.620000000000000000e+02
1.013000000000000000e+03;4.630000000000000000e+02
1.014000000000000000e+03;4.620000000000000000e+02
1.015000000000000000e+03;4.610000000000000000e+02
1.016000000000000000e+03;4.610000000000000000e+02
1.017000000000000000e+03;4.610000000000000000e+02
1.018000000000000000e+03;4.620000000000000000e+02
1.019000000000000000e+03;4.620000000000000000e+02
1.020000000000000000e+03;4.610000000000000000e+02
1.021000000000000000e+03;4.610000000000000000e+02
1.022000000000000000e+03;4.610000000000000000e+02
1.023000000000000000e+03;4.620000000000000000e+02
1.024000000000000000e+03;4.620000000000000000e+02
1.025000000000000000e+03;4.610000000000000000e+02
1.026000000000000000e+03;4.610000000000000000e+02
1.027000000000000000e+03;4.610000000000000000e+02
1.028000000000000000e+03;4.620000000000000000e+02
1.029000000000000000e+03;4.620000000000000000e+02
1.030000000000000000e+03;4.610000000000000000e+02
1.031000000000000000e+03;4.610000000000000000e+02
1.032000000000000000e+03;4.610000000000000000e+02
1.033000000000000000e+03;4.620000000000000000e+02
1.034000000000000000e+03;4.620000000000000000e+02
1.035000000000000000e+03;4.610000000000000000e+02
1.036000000000000000e+03;4.600000000000000000e+02
1.037000000000000000e+03;4.610000000000000000e+02
1.038000000000000000e+03;4.620000000000000000e+02
1.039000000000000000e+03;4.620000000000000000e+02
1.040000000000000000e+03;4.610000000000000000e+02
1.041000000000000000e+03;4.610000000000000000e+02
1.042000000000000000e+03;4.610000000000000000e+02
1.043000000000000000e+03;4.610000000000000000e+02
1.044000000000000000e+03;4.610000000000000000e+02
1.045000000000000000e+03;4.610000000000000000e+02
1.046000000000000000e+03;4.600000000000000000e+02
1.047000000000000000e+03;4.600000000000000000e+02
1.048000000000000000e+03;4.610000000000000000e+02
1.049000000000000000e+03;4.610000000000000000e+02
1.050000000000000000e+03;4.610000000000000000e+02
1.051000000000000000e+03;4.600000000000000000e+02
1.052000000000000000e+03;4.600000000000000000e+02
1.053000000000000000e+03;4.590000000000000000e+02
1.054000000000000000e+03;4.590000000000000000e+02
1.055000000000000000e+03;4.600000000000000000e+02
1.056000000000000000e+03;4.600000000000000000e+02
1.057000000000000000e+03;4.600000000000000000e+02
1.058000000000000000e+03;4.590000000000000000e+02
1.059000000000000000e+03;4.590000000000000000e+02
1.060000000000000000e+03;4.590000000000000000e+02
1.061000000000000000e+03;4.590000000000000000e+02
1.062000000000000000e+03;4.590000000000000000e+02
1.063000000000000000e+03;4.580000000000000000e+02
1.064000000000000000e+03;4.580000000000000000e+02
1.065000000000000000e+03;4.590000000000000000e+02
1.066000000000000000e+03;4.590000000000000000e+02
1.067000000000000000e+03;4.590000000000000000e+02
1.068000000000000000e+03;4.580000000000000000e+02
1.069000000000000000e+03;4.580000000000000000e+02
1.070000000000000000e+03;4.580000000000000000e+02
1.071000000000000000e+03;4.590000000000000000e+02
1.072000000000000000e+03;4.580000000000000000e+02
1.073000000000000000e+03;4.580000000000000000e+02
1.074000000000000000e+03;4.580000000000000000e+02
1.075000000000000000e+03;4.580000000000000000e+02
1.076000000000000000e+03;4.570000000000000000e+02
1.077000000000000000e+03;4.570000000000000000e+02
1.078000000000000000e+03;4.570000000000000000e+02
1.079000000000000000e+03;4.570000000000000000e+02
1.080000000000000000e+03;4.560000000000000000e+02
1.081000000000000000e+03;4.550000000000000000e+02
1.082000000000000000e+03;4.560000000000000000e+02
1.083000000000000000e+03;4.570000000000000000e+02
1.084000000000000000e+03;4.560000000000000000e+02
1.085000000000000000e+03;4.550000000000000000e+02
1.086000000000000000e+03;4.550000000000000000e+02
1.087000000000000000e+03;4.560000000000000000e+02
1.088000000000000000e+03;4.560000000000000000e+02
1.089000000000000000e+03;4.550000000000000000e+02
1.090000000000000000e+03;4.550000000000000000e+02
1.091000000000000000e+03;4.540000000000000000e+02
1.092000000000000000e+03;4.530000000000000000e+02
1.093000000000000000e+03;4.530000000000000000e+02
1.094000000000000000e+03;4.530000000000000000e+02
1.095000000000000000e+03;4.540000000000000000e+02
1.096000000000000000e+03;4.540000000000000000e+02
1.097000000000000000e+03;4.530000000000000000e+02
1.098000000000000000e+03;4.520000000000000000e+02
1.099000000000000000e+03;4.520000000000000000e+02
1.100000000000000000e+03;4.510000000000000000e+02
1.101000000000000000e+03;4.510000000000000000e+02
1.102000000000000000e+03;4.520000000000000000e+02
1.103000000000000000e+03;4.520000000000000000e+02
1.104000000000000000e+03;4.510000000000000000e+02
1.105000000000000000e+03;4.500000000000000000e+02
1.106000000000000000e+03;4.510000000000000000e+02
1.107000000000000000e+03;4.510000000000000000e+02
1.108000000000000000e+03;4.510000000000000000e+02
1.109000000000000000e+03;4.510000000000000000e+02
1.110000000000000000e+03;4.500000000000000000e+02
1.111000000000000000e+03;4.490000000000000000e+02
1.112000000000000000e+03;4.480000000000000000e+02
1.113000000000000000e+03;4.480000000000000000e+02
1.114000000000000000e+03;4.480000000000000000e+02
1.115000000000000000e+03;4.490000000000000000e+02
1.116000000000000000e+03;4.490000000000000000e+02
1.117000000000000000e+03;4.480000000000000000e+02
1.118000000000000000e+03;4.480000000000000000e+02
1.119000000000000000e+03;4.470000000000000000e+02
1.120000000000000000e+03;4.460000000000000000e+02
1.121000000000000000e+03;4.470000000000000000e+02
1.122000000000000000e+03;4.470000000000000000e+02
1.123000000000000000e+03;4.460000000000000000e+02
1.124000000000000000e+03;4.460000000000000000e+02
1.125000000000000000e+03;4.450000000000000000e+02
1.126000000000000000e+03;4.460000000000000000e+02
1.127000000000000000e+03;4.460000000000000000e+02
1.128000000000000000e+03;4.460000000000000000e+02
1.129000000000000000e+03;4.450000000000000000e+02
1.130000000000000000e+03;4.440000000000000000e+02
1.131000000000000000e+03;4.430000000000000000e+02
1.132000000000000000e+03;4.430000000000000000e+02
1.133000000000000000e+03;4.430000000000000000e+02
1.134000000000000000e+03;4.430000000000000000e+02
1.135000000000000000e+03;4.440000000000000000e+02
1.136000000000000000e+03;4.430000000000000000e+02
1.137000000000000000e+03;4.430000000000000000e+02
1.138000000000000000e+03;4.430000000000000000e+02
1.139000000000000000e+03;4.420000000000000000e+02
1.140000000000000000e+03;4.410000000000000000e+02
1.141000000000000000e+03;4.420000000000000000e+02
1.142000000000000000e+03;4.420000000000000000e+02
1.143000000000000000e+03;4.420000000000000000e+02
1.143000000000000000e+03;4.410000000000000000e+02
1.144000000000000000e+03;4.400000000000000000e+02
1.145000000000000000e+03;4.400000000000000000e+02
1.146000000000000000e+03;4.400000000000000000e+02
1.147000000000000000e+03;4.410000000000000000e+02
1.148000000000000000e+03;4.410000000000000000e+02
1.149000000000000000e+03;4.400000000000000000e+02
1.150000000000000000e+03;4.400000000000000000e+02
1.151000000000000000e+03;4.390000000000000000e+02
1.152000000000000000e+03;4.380000000000000000e+02
1.153000000000000000e+03;4.380000000000000000e+02
1.154000000000000000e+03;4.390000000000000000e+02
1.155000000000000000e+03;4.390000000000000000e+02
1.156000000000000000e+03;4.380000000000000000e+02
1.157000000000000000e+03;4.370000000000000000e+02
1.158000000000000000e+03;4.370000000000000000e+02
1.159000000000000000e+03;4.360000000000000000e+02
1.160000000000000000e+03;4.360000000000000000e+02
1.161000000000000000e+03;4.360000000000000000e+02
1.162000000000000000e+03;4.360000000000000000e+02
1.163000000000000000e+03;4.360000000000000000e+02
1.164000000000000000e+03;4.350000000000000000e+02
1.165000000000000000e+03;4.350000000000000000e+02
1.166000000000000000e+03;4.340000000000000000e+02
1.167000000000000000e+03;4.330000000000000000e+02
1.168000000000000000e+03;4.330000000000000000e+02
1.169000000000000000e+03;4.330000000000000000e+02
1.169000000000000000e+03;4.320000000000000000e+02
1.170000000000000000e+03;4.310000000000000000e+02
1.171000000000000000e+03;4.320000000000000000e+02
1.172000000000000000e+03;4.320000000000000000e+02
1.173000000000000000e+03;4.320000000000000000e+02
1.174000000000000000e+03;4.310000000000000000e+02
1.175000000000000000e+03;4.300000000000000000e+02
1.176000000000000000e+03;4.300000000000000000e+02
1.177000000000000000e+03;4.300000000000000000e+02
1.178000000000000000e+03;4.300000000000000000e+02
1.179000000000000000e+03;4.290000000000000000e+02
1.180000000000000000e+03;4.290000000000000000e+02
1.181000000000000000e+03;4.290000000000000000e+02
1.182000000000000000e+03;4.280000000000000000e+02
1.183000000000000000e+03;4.280000000000000000e+02
1.184000000000000000e+03;4.270000000000000000e+02
1.184000000000000000e+03;4.260000000000000000e+02
1.185000000000000000e+03;4.250000000000000000e+02
1.186000000000000000e+03;4.250000000000000000e+02
1.187000000000000000e+03;4.260000000000000000e+02
1.188000000000000000e+03;4.260000000000000000e+02
1.189000000000000000e+03;4.250000000000000000e+02
1.190000000000000000e+03;4.240000000000000000e+02
1.191000000000000000e+03;4.230000000000000000e+02
1.192000000000000000e+03;4.230000000000000000e+02
1.193000000000000000e+03;4.220000000000000000e+02
1.194000000000000000e+03;4.220000000000000000e+02
1.194000000000000000e+03;4.210000000000000000e+02
1.195000000000000000e+03;4.200000000000000000e+02
1.196000000000000000e+03;4.210000000000000000e+02
1.197000000000000000e+03;4.220000000000000000e+02
1.198000000000000000e+03;4.220000000000000000e+02
1.198000000000000000e+03;4.210000000000000000e+02
1.199000000000000000e+03;4.200000000000000000e+02
1.200000000000000000e+03;4.200000000000000000e+02
1.201000000000000000e+03;4.190000000000000000e+02
1.202000000000000000e+03;4.180000000000000000e+02
1.203000000000000000e+03;4.180000000000000000e+02
1.204000000000000000e+03;4.190000000000000000e+02
1.205000000000000000e+03;4.190000000000000000e+02
1.206000000000000000e+03;4.180000000000000000e+02
1.207000000000000000e+03;4.170000000000000000e+02
1.208000000000000000e+03;4.160000000000000000e+02
1.209000000000000000e+03;4.150000000000000000e+02
1.210000000000000000e+03;4.150000000000000000e+02
1.211000000000000000e+03;4.140000000000000000e+02
1.212000000000000000e+03;4.130000000000000000e+02
1.213000000000000000e+03;4.130000000000000000e+02
1.214000000000000000e+03;4.130000000000000000e+02
1.215000000000000000e+03;4.140000000000000000e+02
1.216000000000000000e+03;4.130000000000000000e+02
1.217000000000000000e+03;4.120000000000000000e+02
1.218000000000000000e+03;4.110000000000000000e+02
1.219000000000000000e+03;4.110000000000000000e+02
1.220000000000000000e+03;4.100000000000000000e+02
1.220000000000000000e+03;4.090000000000000000e+02
1.221000000000000000e+03;4.080000000000000000e+02
1.222000000000000000e+03;4.080000000000000000e+02
1.223000000000000000e+03;4.070000000000000000e+02
1.224000000000000000e+03;4.060000000000000000e+02
1.225000000000000000e+03;4.060000000000000000e+02
1.226000000000000000e+03;4.060000000000000000e+02
1.227000000000000000e+03;4.060000000000000000e+02
1.228000000000000000e+03;4.050000000000000000e+02
1.229000000000000000e+03;4.040000000000000000e+02
1.230000000000000000e+03;4.040000000000000000e+02
1.230000000000000000e+03;4.030000000000000000e+02
1.231000000000000000e+03;4.020000000000000000e+02
1.232000000000000000e+03;4.020000000000000000e+02
1.233000000000000000e+03;4.020000000000000000e+02
1.234000000000000000e+03;4.010000000000000000e+02
1.235000000000000000e+03;4.000000000000000000e+02
1.235000000000000000e+03;3.990000000000000000e+02
1.236000000000000000e+03;3.980000000000000000e+02
1.237000000000000000e+03;3.980000000000000000e+02
1.238000000000000000e+03;3.980000000000000000e+02
1.238000000000000000e+03;3.970000000000000000e+02
1.239000000000000000e+03;3.960000000000000000e+02
1.240000000000000000e+03;3.960000000000000000e+02
1.241000000000000000e+03;3.960000000000000000e+02
1.242000000000000000e+03;3.960000000000000000e+02
1.241000000000000000e+03;3.950000000000000000e+02
1.241000000000000000e+03;3.940000000000000000e+02
1.242000000000000000e+03;3.930000000000000000e+02
1.243000000000000000e+03;3.930000000000000000e+02
1.244000000000000000e+03;3.940000000000000000e+02
1.245000000000000000e+03;3.940000000000000000e+02
1.246000000000000000e+03;3.930000000000000000e+02
1.247000000000000000e+03;3.930000000000000000e+02
1.247000000000000000e+03;3.920000000000000000e+02
1.248000000000000000e+03;3.910000000000000000e+02
1.249000000000000000e+03;3.910000000000000000e+02
1.250000000000000000e+03;3.900000000000000000e+02
1.251000000000000000e+03;3.890000000000000000e+02
1.252000000000000000e+03;3.880000000000000000e+02
1.253000000000000000e+03;3.870000000000000000e+02
1.254000000000000000e+03;3.860000000000000000e+02
1.255000000000000000e+03;3.850000000000000000e+02
1.256000000000000000e+03;3.840000000000000000e+02
1.256000000000000000e+03;3.830000000000000000e+02
1.257000000000000000e+03;3.820000000000000000e+02
1.258000000000000000e+03;3.820000000000000000e+02
1.259000000000000000e+03;3.810000000000000000e+02
1.260000000000000000e+03;3.800000000000000000e+02
1.261000000000000000e+03;3.800000000000000000e+02
1.261000000000000000e+03;3.790000000000000000e+02
1.262000000000000000e+03;3.780000000000000000e+02
1.263000000000000000e+03;3.780000000000000000e+02
1.264000000000000000e+03;3.780000000000000000e+02
1.265000000000000000e+03;3.770000000000000000e+02
1.266000000000000000e+03;3.760000000000000000e+02
1.267000000000000000e+03;3.760000000000000000e+02
1.268000000000000000e+03;3.750000000000000000e+02
1.269000000000000000e+03;3.740000000000000000e+02
1.270000000000000000e+03;3.740000000000000000e+02
1.271000000000000000e+03;3.730000000000000000e+02
1.272000000000000000e+03;3.720000000000000000e+02
1.273000000000000000e+03;3.720000000000000000e+02
1.273000000000000000e+03;3.710000000000000000e+02
1.274000000000000000e+03;3.700000000000000000e+02
1.275000000000000000e+03;3.690000000000000000e+02
1.276000000000000000e+03;3.680000000000000000e+02
1.277000000000000000e+03;3.670000000000000000e+02
1.278000000000000000e+03;3.660000000000000000e+02
1.278000000000000000e+03;3.650000000000000000e+02
1.279000000000000000e+03;3.640000000000000000e+02
1.280000000000000000e+03;3.630000000000000000e+02
1.281000000000000000e+03;3.630000000000000000e+02
1.282000000000000000e+03;3.620000000000000000e+02
1.283000000000000000e+03;3.620000000000000000e+02
1.283000000000000000e+03;3.610000000000000000e+02
1.284000000000000000e+03;3.600000000000000000e+02
1.285000000000000000e+03;3.600000000000000000e+02
1.285000000000000000e+03;3.590000000000000000e+02
1.286000000000000000e+03;3.580000000000000000e+02
1.287000000000000000e+03;3.570000000000000000e+02
1.287000000000000000e+03;3.560000000000000000e+02
1.288000000000000000e+03;3.550000000000000000e+02
1.289000000000000000e+03;3.550000000000000000e+02
1.290000000000000000e+03;3.540000000000000000e+02
1.291000000000000000e+03;3.530000000000000000e+02
1.292000000000000000e+03;3.520000000000000000e+02
1.292000000000000000e+03;3.510000000000000000e+02
1.293000000000000000e+03;3.500000000000000000e+02
1.294000000000000000e+03;3.500000000000000000e+02
1.295000000000000000e+03;3.490000000000000000e+02
1.295000000000000000e+03;3.480000000000000000e+02
1.296000000000000000e+03;3.470000000000000000e+02
1.297000000000000000e+03;3.470000000000000000e+02
1.297000000000000000e+03;3.460000000000000000e+02
1.297000000000000000e+03;3.450000000000000000e+02
1.298000000000000000e+03;3.440000000000000000e+02
1.299000000000000000e+03;3.440000000000000000e+02
1.299000000000000000e+03;3.430000000000000000e+02
1.300000000000000000e+03;3.420000000000000000e+02
1.301000000000000000e+03;3.420000000000000000e+02
1.302000000000000000e+03;3.420000000000000000e+02
1.302000000000000000e+03;3.410000000000000000e+02
1.301000000000000000e+03;3.400000000000000000e+02
1.301000000000000000e+03;3.390000000000000000e+02
1.302000000000000000e+03;3.380000000000000000e+02
1.303000000000000000e+03;3.380000000000000000e+02
1.304000000000000000e+03;3.390000000000000000e+02
1.303000000000000000e+03;3.380000000000000000e+02
1.303000000000000000e+03;3.370000000000000000e+02
1.303000000000000000e+03;3.360000000000000000e+02
1.304000000000000000e+03;3.350000000000000000e+02
1.305000000000000000e+03;3.350000000000000000e+02
1.306000000000000000e+03;3.360000000000000000e+02
1.307000000000000000e+03;3.360000000000000000e+02
1.306000000000000000e+03;3.360000000000000000e+02
1.305000000000000000e+03;3.350000000000000000e+02
1.305000000000000000e+03;3.340000000000000000e+02
1.306000000000000000e+03;3.330000000000000000e+02
1.307000000000000000e+03;3.320000000000000000e+02
1.308000000000000000e+03;3.320000000000000000e+02
1.308000000000000000e+03;3.310000000000000000e+02
1.309000000000000000e+03;3.300000000000000000e+02
1.310000000000000000e+03;3.310000000000000000e+02
1.310000000000000000e+03;3.300000000000000000e+02
1.310000000000000000e+03;3.290000000000000000e+02
1.311000000000000000e+03;3.280000000000000000e+02
1.312000000000000000e+03;3.270000000000000000e+02
1.313000000000000000e+03;3.260000000000000000e+02
1.314000000000000000e+03;3.250000000000000000e+02
1.315000000000000000e+03;3.240000000000000000e+02
1.315000000000000000e+03;3.230000000000000000e+02
1.316000000000000000e+03;3.220000000000000000e+02
1.317000000000000000e+03;3.220000000000000000e+02
1.317000000000000000e+03;3.210000000000000000e+02
1.318000000000000000e+03;3.200000000000000000e+02
1.319000000000000000e+03;3.190000000000000000e+02
1.319000000000000000e+03;3.180000000000000000e+02
1.320000000000000000e+03;3.170000000000000000e+02
1.321000000000000000e+03;3.160000000000000000e+02
1.321000000000000000e+03;3.150000000000000000e+02
1.321000000000000000e+03;3.140000000000000000e+02
1.322000000000000000e+03;3.130000000000000000e+02
1.323000000000000000e+03;3.120000000000000000e+02
1.323000000000000000e+03;3.110000000000000000e+02
1.324000000000000000e+03;3.100000000000000000e+02
1.325000000000000000e+03;3.100000000000000000e+02
1.325000000000000000e+03;3.090000000000000000e+02
1.326000000000000000e+03;3.080000000000000000e+02
1.327000000000000000e+03;3.070000000000000000e+02
1.327000000000000000e+03;3.060000000000000000e+02
1.328000000000000000e+03;3.050000000000000000e+02
1.329000000000000000e+03;3.040000000000000000e+02
1.330000000000000000e+03;3.030000000000000000e+02
1.331000000000000000e+03;3.020000000000000000e+02
1.331000000000000000e+03;3.010000000000000000e+02
1.331000000000000000e+03;3.000000000000000000e+02
1.331000000000000000e+03;2.990000000000000000e+02
1.332000000000000000e+03;2.980000000000000000e+02
1.333000000000000000e+03;2.980000000000000000e+02
1.333000000000000000e+03;2.970000000000000000e+02
1.334000000000000000e+03;2.960000000000000000e+02
1.335000000000000000e+03;2.950000000000000000e+02
1.335000000000000000e+03;2.940000000000000000e+02
1.336000000000000000e+03;2.930000000000000000e+02
1.337000000000000000e+03;2.920000000000000000e+02
1.337000000000000000e+03;2.910000000000000000e+02
1.338000000000000000e+03;2.900000000000000000e+02
1.339000000000000000e+03;2.890000000000000000e+02
1.339000000000000000e+03;2.880000000000000000e+02
1.340000000000000000e+03;2.870000000000000000e+02
1.341000000000000000e+03;2.870000000000000000e+02
1.341000000000000000e+03;2.860000000000000000e+02
1.340000000000000000e+03;2.850000000000000000e+02
1.340000000000000000e+03;2.840000000000000000e+02
1.341000000000000000e+03;2.830000000000000000e+02
1.342000000000000000e+03;2.820000000000000000e+02
1.343000000000000000e+03;2.820000000000000000e+02
1.343000000000000000e+03;2.810000000000000000e+02
1.344000000000000000e+03;2.800000000000000000e+02
1.345000000000000000e+03;2.790000000000000000e+02
1.345000000000000000e+03;2.780000000000000000e+02
1.346000000000000000e+03;2.770000000000000000e+02
1.347000000000000000e+03;2.760000000000000000e+02
1.348000000000000000e+03;2.750000000000000000e+02
1.348000000000000000e+03;2.740000000000000000e+02
1.348000000000000000e+03;2.730000000000000000e+02
1.347000000000000000e+03;2.720000000000000000e+02
1.348000000000000000e+03;2.710000000000000000e+02
1.349000000000000000e+03;2.700000000000000000e+02
1.350000000000000000e+03;2.700000000000000000e+02
1.350000000000000000e+03;2.690000000000000000e+02
1.350000000000000000e+03;2.680000000000000000e+02
1.351000000000000000e+03;2.670000000000000000e+02
1.352000000000000000e+03;2.670000000000000000e+02
1.352000000000000000e+03;2.660000000000000000e+02
1.353000000000000000e+03;2.650000000000000000e+02
1.354000000000000000e+03;2.640000000000000000e+02
1.354000000000000000e+03;2.630000000000000000e+02
1.353000000000000000e+03;2.620000000000000000e+02
1.354000000000000000e+03;2.610000000000000000e+02
1.355000000000000000e+03;2.600000000000000000e+02
1.355000000000000000e+03;2.590000000000000000e+02
1.355000000000000000e+03;2.580000000000000000e+02
1.356000000000000000e+03;2.570000000000000000e+02
1.357000000000000000e+03;2.560000000000000000e+02
1.357000000000000000e+03;2.550000000000000000e+02
1.358000000000000000e+03;2.540000000000000000e+02
1.358000000000000000e+03;2.530000000000000000e+02
1.358000000000000000e+03;2.520000000000000000e+02
1.358000000000000000e+03;2.510000000000000000e+02
1.359000000000000000e+03;2.500000000000000000e+02
1.360000000000000000e+03;2.490000000000000000e+02
1.360000000000000000e+03;2.480000000000000000e+02
1.361000000000000000e+03;2.470000000000000000e+02
1.361000000000000000e+03;2.460000000000000000e+02
1.362000000000000000e+03;2.450000000000000000e+02
1.363000000000000000e+03;2.440000000000000000e+02
1.362000000000000000e+03;2.430000000000000000e+02
1.362000000000000000e+03;2.420000000000000000e+02
1.362000000000000000e+03;2.410000000000000000e+02
1.363000000000000000e+03;2.400000000000000000e+02
1.364000000000000000e+03;2.400000000000000000e+02
1.364000000000000000e+03;2.390000000000000000e+02
1.365000000000000000e+03;2.380000000000000000e+02
1.366000000000000000e+03;2.370000000000000000e+02
1.366000000000000000e+03;2.360000000000000000e+02
1.367000000000000000e+03;2.350000000000000000e+02
1.368000000000000000e+03;2.340000000000000000e+02
1.368000000000000000e+03;2.330000000000000000e+02
1.367000000000000000e+03;2.320000000000000000e+02
1.367000000000000000e+03;2.310000000000000000e+02
1.368000000000000000e+03;2.300000000000000000e+02
1.369000000000000000e+03;2.290000000000000000e+02
1.369000000000000000e+03;2.280000000000000000e+02
1.370000000000000000e+03;2.270000000000000000e+02
1.370000000000000000e+03;2.260000000000000000e+02
1.370000000000000000e+03;2.250000000000000000e+02
1.370000000000000000e+03;2.240000000000000000e+02
1.370000000000000000e+03;2.230000000000000000e+02
1.371000000000000000e+03;2.220000000000000000e+02
1.372000000000000000e+03;2.210000000000000000e+02
1.372000000000000000e+03;2.200000000000000000e+02
1.373000000000000000e+03;2.190000000000000000e+02
1.373000000000000000e+03;2.180000000000000000e+02
1.373000000000000000e+03;2.170000000000000000e+02
1.373000000000000000e+03;2.160000000000000000e+02
1.374000000000000000e+03;2.150000000000000000e+02
1.374000000000000000e+03;2.140000000000000000e+02
1.375000000000000000e+03;2.130000000000000000e+02
1.376000000000000000e+03;2.120000000000000000e+02
1.376000000000000000e+03;2.110000000000000000e+02
1.375000000000000000e+03;2.100000000000000000e+02
1.375000000000000000e+03;2.090000000000000000e+02
1.376000000000000000e+03;2.080000000000000000e+02
1.377000000000000000e+03;2.080000000000000000e+02
1.378000000000000000e+03;2.080000000000000000e+02
1.377000000000000000e+03;2.070000000000000000e+02
1.377000000000000000e+03;2.060000000000000000e+02
1.378000000000000000e+03;2.050000000000000000e+02
1.379000000000000000e+03;2.040000000000000000e+02
1.380000000000000000e+03;2.030000000000000000e+02
1.380000000000000000e+03;2.020000000000000000e+02
1.381000000000000000e+03;2.010000000000000000e+02
1.380000000000000000e+03;2.000000000000000000e+02
1.380000000000000000e+03;1.990000000000000000e+02
1.381000000000000000e+03;1.980000000000000000e+02
1.382000000000000000e+03;1.970000000000000000e+02
1.382000000000000000e+03;1.960000000000000000e+02
1.383000000000000000e+03;1.950000000000000000e+02
1.384000000000000000e+03;1.940000000000000000e+02
1.384000000000000000e+03;1.930000000000000000e+02
1.383000000000000000e+03;1.920000000000000000e+02
1.383000000000000000e+03;1.910000000000000000e+02
1.384000000000000000e+03;1.900000000000000000e+02
1.384000000000000000e+03;1.890000000000000000e+02
1.385000000000000000e+03;1.880000000000000000e+02
1.386000000000000000e+03;1.870000000000000000e+02
1.386000000000000000e+03;1.860000000000000000e+02
1.387000000000000000e+03;1.850000000000000000e+02
1.388000000000000000e+03;1.840000000000000000e+02
1.388000000000000000e+03;1.830000000000000000e+02
1.387000000000000000e+03;1.820000000000000000e+02
1.387000000000000000e+03;1.810000000000000000e+02
1.388000000000000000e+03;1.800000000000000000e+02
1.389000000000000000e+03;1.800000000000000000e+02
1.389000000000000000e+03;1.790000000000000000e+02
1.390000000000000000e+03;1.780000000000000000e+02
1.391000000000000000e+03;1.770000000000000000e+02
1.391000000000000000e+03;1.760000000000000000e+02
1.390000000000000000e+03;1.750000000000000000e+02
1.389000000000000000e+03;1.740000000000000000e+02
1.390000000000000000e+03;1.730000000000000000e+02
1.391000000000000000e+03;1.720000000000000000e+02
1.392000000000000000e+03;1.710000000000000000e+02
1.392000000000000000e+03;1.700000000000000000e+02
1.393000000000000000e+03;1.690000000000000000e+02
1.394000000000000000e+03;1.680000000000000000e+02
1.393000000000000000e+03;1.680000000000000000e+02
1.392000000000000000e+03;1.670000000000000000e+02
1.392000000000000000e+03;1.660000000000000000e+02
1.393000000000000000e+03;1.650000000000000000e+02
1.394000000000000000e+03;1.640000000000000000e+02
1.395000000000000000e+03;1.630000000000000000e+02
1.396000000000000000e+03;1.620000000000000000e+02
1.396000000000000000e+03;1.610000000000000000e+02
1.396000000000000000e+03;1.600000000000000000e+02
1.395000000000000000e+03;1.590000000000000000e+02
1.395000000000000000e+03;1.580000000000000000e+02
1.396000000000000000e+03;1.570000000000000000e+02
1.397000000000000000e+03;1.580000000000000000e+02
1.398000000000000000e+03;1.590000000000000000e+02
1.398000000000000000e+03;1.580000000000000000e+02
1.397000000000000000e+03;1.570000000000000000e+02
1.397000000000000000e+03;1.560000000000000000e+02
1.398000000000000000e+03;1.550000000000000000e+02
1.399000000000000000e+03;1.540000000000000000e+02
1.399000000000000000e+03;1.530000000000000000e+02
1.400000000000000000e+03;1.520000000000000000e+02
1.400000000000000000e+03;1.510000000000000000e+02
1.400000000000000000e+03;1.500000000000000000e+02
1.400000000000000000e+03;1.490000000000000000e+02
1.400000000000000000e+03;1.480000000000000000e+02
1.401000000000000000e+03;1.470000000000000000e+02
1.402000000000000000e+03;1.460000000000000000e+02
1.402000000000000000e+03;1.450000000000000000e+02
1.403000000000000000e+03;1.440000000000000000e+02
1.403000000000000000e+03;1.430000000000000000e+02
1.402000000000000000e+03;1.420000000000000000e+02
1.402000000000000000e+03;1.410000000000000000e+02
1.403000000000000000e+03;1.400000000000000000e+02
1.404000000000000000e+03;1.390000000000000000e+02
1.405000000000000000e+03;1.380000000000000000e+02
1.405000000000000000e+03;1.370000000000000000e+02
1.406000000000000000e+03;1.360000000000000000e+02
1.406000000000000000e+03;1.350000000000000000e+02
1.405000000000000000e+03;1.340000000000000000e+02
1.405000000000000000e+03;1.330000000000000000e+02
1.406000000000000000e+03;1.320000000000000000e+02
1.406000000000000000e+03;1.310000000000000000e+02
1.407000000000000000e+03;1.300000000000000000e+02
1.407000000000000000e+03;1.290000000000000000e+02
1.407000000000000000e+03;1.280000000000000000e+02
1.407000000000000000e+03;1.270000000000000000e+02
1.407000000000000000e+03;1.260000000000000000e+02
1.407000000000000000e+03;1.250000000000000000e+02
1.408000000000000000e+03;1.240000000000000000e+02
1.409000000000000000e+03;1.230000000000000000e+02
1.410000000000000000e+03;1.220000000000000000e+02
1.411000000000000000e+03;1.210000000000000000e+02
1.410000000000000000e+03;1.200000000000000000e+02
1.410000000000000000e+03;1.190000000000000000e+02
1.410000000000000000e+03;1.180000000000000000e+02
1.411000000000000000e+03;1.170000000000000000e+02
1.412000000000000000e+03;1.160000000000000000e+02
1.412000000000000000e+03;1.150000000000000000e+02
1.413000000000000000e+03;1.140000000000000000e+02
1.413000000000000000e+03;1.130000000000000000e+02
1.412000000000000000e+03;1.120000000000000000e+02
1.412000000000000000e+03;1.110000000000000000e+02
1.413000000000000000e+03;1.100000000000000000e+02
1.413000000000000000e+03;1.090000000000000000e+02
1.414000000000000000e+03;1.080000000000000000e+02
1.413000000000000000e+03;1.070000000000000000e+02
1.413000000000000000e+03;1.060000000000000000e+02
1.413000000000000000e+03;1.050000000000000000e+02
1.414000000000000000e+03;1.040000000000000000e+02
1.415000000000000000e+03;1.030000000000000000e+02
1.415000000000000000e+03;1.020000000000000000e+02
1.416000000000000000e+03;1.010000000000000000e+02
1.417000000000000000e+03;1.000000000000000000e+02
1.416000000000000000e+03;9.900000000000000000e+01
1.417000000000000000e+03;9.800000000000000000e+01
1.417000000000000000e+03;9.700000000000000000e+01
1.417000000000000000e+03;9.600000000000000000e+01
1.417000000000000000e+03;9.500000000000000000e+01
1.418000000000000000e+03;9.400000000000000000e+01
1.418000000000000000e+03;9.300000000000000000e+01
1.418000000000000000e+03;9.200000000000000000e+01
1.417000000000000000e+03;9.100000000000000000e+01
1.418000000000000000e+03;9.000000000000000000e+01
1.419000000000000000e+03;8.900000000000000000e+01
1.420000000000000000e+03;8.800000000000000000e+01
1.420000000000000000e+03;8.700000000000000000e+01
1.421000000000000000e+03;8.600000000000000000e+01
1.421000000000000000e+03;8.500000000000000000e+01
1.420000000000000000e+03;8.400000000000000000e+01
1.420000000000000000e+03;8.300000000000000000e+01
1.421000000000000000e+03;8.200000000000000000e+01
1.422000000000000000e+03;8.100000000000000000e+01
1.422000000000000000e+03;8.000000000000000000e+01
1.423000000000000000e+03;7.900000000000000000e+01
1.423000000000000000e+03;7.800000000000000000e+01
1.423000000000000000e+03;7.700000000000000000e+01
1.422000000000000000e+03;7.600000000000000000e+01
1.423000000000000000e+03;7.500000000000000000e+01
1.424000000000000000e+03;7.400000000000000000e+01
1.424000000000000000e+03;7.300000000000000000e+01
1.425000000000000000e+03;7.200000000000000000e+01
1.426000000000000000e+03;7.100000000000000000e+01
1.427000000000000000e+03;7.000000000000000000e+01
1.427000000000000000e+03;6.900000000000000000e+01
1.428000000000000000e+03;6.800000000000000000e+01
1.428000000000000000e+03;6.700000000000000000e+01
1.428000000000000000e+03;6.600000000000000000e+01
1.429000000000000000e+03;6.500000000000000000e+01
1.430000000000000000e+03;6.500000000000000000e+01
1.431000000000000000e+03;6.400000000000000000e+01
1.432000000000000000e+03;6.300000000000000000e+01
1.433000000000000000e+03;6.300000000000000000e+01
1.434000000000000000e+03;6.300000000000000000e+01
1.435000000000000000e+03;6.200000000000000000e+01
1.436000000000000000e+03;6.100000000000000000e+01
1.437000000000000000e+03;6.200000000000000000e+01
1.438000000000000000e+03;6.300000000000000000e+01
1.439000000000000000e+03;6.300000000000000000e+01
1.440000000000000000e+03;6.400000000000000000e+01
1.441000000000000000e+03;6.500000000000000000e+01
1.442000000000000000e+03;6.400000000000000000e+01
1.443000000000000000e+03;6.400000000000000000e+01
1.444000000000000000e+03;6.400000000000000000e+01
1.445000000000000000e+03;6.500000000000000000e+01
1.446000000000000000e+03;6.500000000000000000e+01
1.447000000000000000e+03;6.600000000000000000e+01
1.448000000000000000e+03;6.700000000000000000e+01
1.448000000000000000e+03;6.800000000000000000e+01
1.449000000000000000e+03;6.900000000000000000e+01
1.450000000000000000e+03;7.000000000000000000e+01
1.450000000000000000e+03;7.100000000000000000e+01
1.450000000000000000e+03;7.200000000000000000e+01
1.449000000000000000e+03;7.300000000000000000e+01
1.449000000000000000e+03;7.400000000000000000e+01
1.450000000000000000e+03;7.500000000000000000e+01
1.451000000000000000e+03;7.600000000000000000e+01
1.450000000000000000e+03;7.700000000000000000e+01
1.449000000000000000e+03;7.800000000000000000e+01
1.450000000000000000e+03;7.900000000000000000e+01
1.450000000000000000e+03;8.000000000000000000e+01
1.451000000000000000e+03;8.100000000000000000e+01
1.452000000000000000e+03;8.200000000000000000e+01
1.452000000000000000e+03;8.300000000000000000e+01
1.452000000000000000e+03;8.400000000000000000e+01
1.451000000000000000e+03;8.500000000000000000e+01
1.451000000000000000e+03;8.600000000000000000e+01
1.452000000000000000e+03;8.700000000000000000e+01
1.453000000000000000e+03;8.800000000000000000e+01
1.453000000000000000e+03;8.900000000000000000e+01
1.452000000000000000e+03;9.000000000000000000e+01
1.451000000000000000e+03;9.000000000000000000e+01
1.451000000000000000e+03;9.100000000000000000e+01
1.452000000000000000e+03;9.200000000000000000e+01
1.453000000000000000e+03;9.300000000000000000e+01
1.453000000000000000e+03;9.400000000000000000e+01
1.452000000000000000e+03;9.500000000000000000e+01
1.451000000000000000e+03;9.600000000000000000e+01
1.452000000000000000e+03;9.700000000000000000e+01
1.453000000000000000e+03;9.800000000000000000e+01
1.452000000000000000e+03;9.900000000000000000e+01
1.452000000000000000e+03;1.000000000000000000e+02
1.451000000000000000e+03;1.010000000000000000e+02
1.451000000000000000e+03;1.020000000000000000e+02
1.452000000000000000e+03;1.020000000000000000e+02
1.453000000000000000e+03;1.030000000000000000e+02
1.453000000000000000e+03;1.040000000000000000e+02
1.452000000000000000e+03;1.050000000000000000e+02
1.451000000000000000e+03;1.060000000000000000e+02
1.450000000000000000e+03;1.070000000000000000e+02
1.450000000000000000e+03;1.080000000000000000e+02
1.450000000000000000e+03;1.090000000000000000e+02
1.451000000000000000e+03;1.100000000000000000e+02
1.451000000000000000e+03;1.110000000000000000e+02
1.451000000000000000e+03;1.120000000000000000e+02
1.450000000000000000e+03;1.130000000000000000e+02
1.450000000000000000e+03;1.140000000000000000e+02
1.450000000000000000e+03;1.150000000000000000e+02
1.451000000000000000e+03;1.160000000000000000e+02
1.451000000000000000e+03;1.170000000000000000e+02
1.450000000000000000e+03;1.180000000000000000e+02
1.449000000000000000e+03;1.190000000000000000e+02
1.450000000000000000e+03;1.200000000000000000e+02
1.451000000000000000e+03;1.210000000000000000e+02
1.450000000000000000e+03;1.220000000000000000e+02
1.449000000000000000e+03;1.230000000000000000e+02
1.449000000000000000e+03;1.240000000000000000e+02
1.450000000000000000e+03;1.250000000000000000e+02
1.451000000000000000e+03;1.260000000000000000e+02
1.450000000000000000e+03;1.270000000000000000e+02
1.449000000000000000e+03;1.280000000000000000e+02
1.449000000000000000e+03;1.290000000000000000e+02
1.450000000000000000e+03;1.300000000000000000e+02
1.450000000000000000e+03;1.310000000000000000e+02
1.450000000000000000e+03;1.320000000000000000e+02
1.449000000000000000e+03;1.330000000000000000e+02
1.449000000000000000e+03;1.340000000000000000e+02
1.449000000000000000e+03;1.350000000000000000e+02
1.449000000000000000e+03;1.360000000000000000e+02
1.449000000000000000e+03;1.370000000000000000e+02
1.449000000000000000e+03;1.380000000000000000e+02
1.448000000000000000e+03;1.390000000000000000e+02
1.448000000000000000e+03;1.400000000000000000e+02
1.447000000000000000e+03;1.410000000000000000e+02
1.447000000000000000e+03;1.420000000000000000e+02
1.447000000000000000e+03;1.430000000000000000e+02
1.448000000000000000e+03;1.440000000000000000e+02
1.447000000000000000e+03;1.450000000000000000e+02
1.447000000000000000e+03;1.460000000000000000e+02
1.447000000000000000e+03;1.470000000000000000e+02
1.447000000000000000e+03;1.480000000000000000e+02
1.447000000000000000e+03;1.490000000000000000e+02
1.447000000000000000e+03;1.500000000000000000e+02
1.446000000000000000e+03;1.510000000000000000e+02
1.446000000000000000e+03;1.520000000000000000e+02
1.446000000000000000e+03;1.530000000000000000e+02
1.445000000000000000e+03;1.540000000000000000e+02
1.445000000000000000e+03;1.550000000000000000e+02
1.445000000000000000e+03;1.560000000000000000e+02
1.445000000000000000e+03;1.570000000000000000e+02
1.445000000000000000e+03;1.580000000000000000e+02
1.444000000000000000e+03;1.590000000000000000e+02
1.444000000000000000e+03;1.600000000000000000e+02
1.445000000000000000e+03;1.610000000000000000e+02
1.445000000000000000e+03;1.620000000000000000e+02
1.444000000000000000e+03;1.630000000000000000e+02
1.443000000000000000e+03;1.640000000000000000e+02
1.443000000000000000e+03;1.650000000000000000e+02
1.443000000000000000e+03;1.660000000000000000e+02
1.442000000000000000e+03;1.670000000000000000e+02
1.443000000000000000e+03;1.680000000000000000e+02
1.443000000000000000e+03;1.690000000000000000e+02
1.442000000000000000e+03;1.700000000000000000e+02
1.441000000000000000e+03;1.710000000000000000e+02
1.441000000000000000e+03;1.720000000000000000e+02
1.441000000000000000e+03;1.730000000000000000e+02
1.442000000000000000e+03;1.740000000000000000e+02
1.442000000000000000e+03;1.750000000000000000e+02
1.442000000000000000e+03;1.760000000000000000e+02
1.441000000000000000e+03;1.770000000000000000e+02
1.440000000000000000e+03;1.780000000000000000e+02
1.439000000000000000e+03;1.790000000000000000e+02
1.440000000000000000e+03;1.800000000000000000e+02
1.441000000000000000e+03;1.810000000000000000e+02
1.441000000000000000e+03;1.820000000000000000e+02
1.440000000000000000e+03;1.830000000000000000e+02
1.439000000000000000e+03;1.840000000000000000e+02
1.439000000000000000e+03;1.850000000000000000e+02
1.438000000000000000e+03;1.860000000000000000e+02
1.437000000000000000e+03;1.870000000000000000e+02
1.438000000000000000e+03;1.880000000000000000e+02
1.438000000000000000e+03;1.890000000000000000e+02
1.438000000000000000e+03;1.900000000000000000e+02
1.437000000000000000e+03;1.910000000000000000e+02
1.437000000000000000e+03;1.920000000000000000e+02
1.436000000000000000e+03;1.930000000000000000e+02
1.436000000000000000e+03;1.940000000000000000e+02
1.436000000000000000e+03;1.950000000000000000e+02
1.436000000000000000e+03;1.960000000000000000e+02
1.435000000000000000e+03;1.970000000000000000e+02
1.435000000000000000e+03;1.980000000000000000e+02
1.434000000000000000e+03;1.990000000000000000e+02
1.433000000000000000e+03;2.000000000000000000e+02
1.432000000000000000e+03;2.010000000000000000e+02
1.432000000000000000e+03;2.020000000000000000e+02
1.433000000000000000e+03;2.030000000000000000e+02
1.433000000000000000e+03;2.040000000000000000e+02
1.432000000000000000e+03;2.050000000000000000e+02
1.432000000000000000e+03;2.060000000000000000e+02
1.431000000000000000e+03;2.070000000000000000e+02
1.430000000000000000e+03;2.080000000000000000e+02
1.430000000000000000e+03;2.090000000000000000e+02
1.430000000000000000e+03;2.100000000000000000e+02
1.430000000000000000e+03;2.110000000000000000e+02
1.430000000000000000e+03;2.120000000000000000e+02
1.430000000000000000e+03;2.130000000000000000e+02
1.429000000000000000e+03;2.140000000000000000e+02
1.428000000000000000e+03;2.150000000000000000e+02
1.428000000000000000e+03;2.160000000000000000e+02
1.427000000000000000e+03;2.170000000000000000e+02
1.427000000000000000e+03;2.180000000000000000e+02
1.427000000000000000e+03;2.190000000000000000e+02
1.426000000000000000e+03;2.200000000000000000e+02
1.426000000000000000e+03;2.210000000000000000e+02
1.426000000000000000e+03;2.220000000000000000e+02
1.425000000000000000e+03;2.230000000000000000e+02
1.424000000000000000e+03;2.240000000000000000e+02
1.423000000000000000e+03;2.250000000000000000e+02
1.423000000000000000e+03;2.260000000000000000e+02
1.422000000000000000e+03;2.270000000000000000e+02
1.423000000000000000e+03;2.280000000000000000e+02
1.423000000000000000e+03;2.290000000000000000e+02
1.423000000000000000e+03;2.300000000000000000e+02
1.422000000000000000e+03;2.310000000000000000e+02
1.421000000000000000e+03;2.320000000000000000e+02
1.421000000000000000e+03;2.330000000000000000e+02
1.420000000000000000e+03;2.340000000000000000e+02
1.419000000000000000e+03;2.350000000000000000e+02
1.419000000000000000e+03;2.360000000000000000e+02
1.419000000000000000e+03;2.370000000000000000e+02
1.419000000000000000e+03;2.380000000000000000e+02
1.419000000000000000e+03;2.390000000000000000e+02
1.418000000000000000e+03;2.400000000000000000e+02
1.418000000000000000e+03;2.410000000000000000e+02
1.417000000000000000e+03;2.420000000000000000e+02
1.416000000000000000e+03;2.430000000000000000e+02
1.415000000000000000e+03;2.440000000000000000e+02
1.415000000000000000e+03;2.450000000000000000e+02
1.415000000000000000e+03;2.460000000000000000e+02
1.415000000000000000e+03;2.470000000000000000e+02
1.414000000000000000e+03;2.480000000000000000e+02
1.414000000000000000e+03;2.490000000000000000e+02
1.413000000000000000e+03;2.500000000000000000e+02
1.413000000000000000e+03;2.510000000000000000e+02
1.412000000000000000e+03;2.520000000000000000e+02
1.411000000000000000e+03;2.530000000000000000e+02
1.411000000000000000e+03;2.540000000000000000e+02
1.410000000000000000e+03;2.550000000000000000e+02
1.411000000000000000e+03;2.560000000000000000e+02
1.411000000000000000e+03;2.570000000000000000e+02
1.410000000000000000e+03;2.580000000000000000e+02
1.410000000000000000e+03;2.590000000000000000e+02
1.409000000000000000e+03;2.600000000000000000e+02
1.408000000000000000e+03;2.610000000000000000e+02
1.407000000000000000e+03;2.620000000000000000e+02
1.407000000000000000e+03;2.630000000000000000e+02
1.407000000000000000e+03;2.640000000000000000e+02
1.406000000000000000e+03;2.650000000000000000e+02
1.406000000000000000e+03;2.660000000000000000e+02
1.406000000000000000e+03;2.670000000000000000e+02
1.405000000000000000e+03;2.680000000000000000e+02
1.404000000000000000e+03;2.690000000000000000e+02
1.404000000000000000e+03;2.700000000000000000e+02
1.403000000000000000e+03;2.710000000000000000e+02
1.402000000000000000e+03;2.720000000000000000e+02
1.402000000000000000e+03;2.730000000000000000e+02
1.402000000000000000e+03;2.740000000000000000e+02
1.401000000000000000e+03;2.750000000000000000e+02
1.402000000000000000e+03;2.760000000000000000e+02
1.402000000000000000e+03;2.770000000000000000e+02
1.401000000000000000e+03;2.780000000000000000e+02
1.400000000000000000e+03;2.790000000000000000e+02
1.399000000000000000e+03;2.800000000000000000e+02
1.398000000000000000e+03;2.810000000000000000e+02
1.397000000000000000e+03;2.820000000000000000e+02
1.398000000000000000e+03;2.830000000000000000e+02
1.398000000000000000e+03;2.840000000000000000e+02
1.397000000000000000e+03;2.850000000000000000e+02
1.396000000000000000e+03;2.850000000000000000e+02
1.396000000000000000e+03;2.860000000000000000e+02
1.395000000000000000e+03;2.870000000000000000e+02
1.395000000000000000e+03;2.880000000000000000e+02
1.394000000000000000e+03;2.890000000000000000e+02
1.393000000000000000e+03;2.900000000000000000e+02
1.393000000000000000e+03;2.910000000000000000e+02
1.392000000000000000e+03;2.920000000000000000e+02
1.391000000000000000e+03;2.930000000000000000e+02
1.391000000000000000e+03;2.940000000000000000e+02
1.390000000000000000e+03;2.950000000000000000e+02
1.390000000000000000e+03;2.960000000000000000e+02
1.389000000000000000e+03;2.970000000000000000e+02
1.388000000000000000e+03;2.980000000000000000e+02
1.388000000000000000e+03;2.990000000000000000e+02
1.388000000000000000e+03;3.000000000000000000e+02
1.387000000000000000e+03;3.010000000000000000e+02
1.387000000000000000e+03;3.020000000000000000e+02
1.386000000000000000e+03;3.030000000000000000e+02
1.385000000000000000e+03;3.040000000000000000e+02
1.384000000000000000e+03;3.050000000000000000e+02
1.384000000000000000e+03;3.060000000000000000e+02
1.383000000000000000e+03;3.070000000000000000e+02
1.383000000000000000e+03;3.080000000000000000e+02
1.383000000000000000e+03;3.090000000000000000e+02
1.383000000000000000e+03;3.100000000000000000e+02
1.382000000000000000e+03;3.110000000000000000e+02
1.381000000000000000e+03;3.120000000000000000e+02
1.381000000000000000e+03;3.130000000000000000e+02
1.380000000000000000e+03;3.140000000000000000e+02
1.379000000000000000e+03;3.150000000000000000e+02
1.378000000000000000e+03;3.160000000000000000e+02
1.378000000000000000e+03;3.170000000000000000e+02
1.377000000000000000e+03;3.180000000000000000e+02
1.377000000000000000e+03;3.190000000000000000e+02
1.376000000000000000e+03;3.200000000000000000e+02
1.376000000000000000e+03;3.210000000000000000e+02
